69.0,64.0
74.01315789473685,64.01315789473684
79.02631578947368,64.02631578947368
84.03947368421052,64.03947368421052
89.05263157894737,64.05263157894737
94.06578947368422,64.0657894736842
99.07894736842105,64.07894736842105
104.09210526315789,64.09210526315789
109.10526315789474,64.10526315789474
114.11842105263159,64.11842105263158
119.13157894736842,64.13157894736842
124.14473684210526,64.14473684210526
129.1578947368421,64.15789473684211
134.17105263157896,64.17105263157895
139.18421052631578,64.1842105263158
144.19736842105263,64.19736842105263
149.21052631578948,64.21052631578948
154.22368421052633,64.22368421052632
159.23684210526318,64.23684210526316
164.25,64.25
169.26315789473685,64.26315789473684
174.2763157894737,64.27631578947368
179.28947368421052,64.28947368421052
184.30263157894737,64.30263157894737
189.31578947368422,64.3157894736842
194.32894736842107,64.32894736842105
199.34210526315792,64.34210526315789
204.35526315789474,64.35526315789474
209.3684210526316,64.36842105263158
214.38157894736844,64.38157894736842
219.39473684210526,64.39473684210526
224.4078947368421,64.40789473684211
229.42105263157896,64.42105263157895
234.4342105263158,64.4342105263158
239.44736842105266,64.44736842105263
244.46052631578948,64.46052631578948
249.47368421052633,64.47368421052632
254.48684210526318,64.48684210526316
259.5,64.5
264.5131578947369,64.51315789473684
269.5263157894737,64.52631578947368
274.5394736842105,64.53947368421052
279.5526315789474,64.55263157894737
284.5657894736842,64.5657894736842
289.57894736842104,64.57894736842105
294.5921052631579,64.59210526315789
299.60526315789474,64.60526315789474
304.61842105263156,64.61842105263158
309.63157894736844,64.63157894736842
314.6447368421053,64.64473684210526
319.65789473684214,64.65789473684211
324.67105263157896,64.67105263157895
329.68421052631584,64.6842105263158
334.69736842105266,64.69736842105263
339.7105263157895,64.71052631578948
344.72368421052636,64.72368421052632
349.7368421052632,64.73684210526316
354.75,64.75
359.7631578947369,64.76315789473684
364.7763157894737,64.77631578947368
369.7894736842105,64.78947368421052
374.8026315789474,64.80263157894737
379.8157894736842,64.8157894736842
384.8289473684211,64.82894736842105
389.8421052631579,64.84210526315789
394.85526315789474,64.85526315789474
399.8684210526316,64.86842105263158
404.88157894736844,64.88157894736842
409.8947368421053,64.89473684210526
414.90789473684214,64.90789473684211
419.92105263157896,64.92105263157895
424.93421052631584,64.9342105263158
429.94736842105266,64.94736842105263
434.9605263157895,64.96052631578948
439.97368421052636,64.97368421052632
444.9868421052632,64.98684210526316
450.0,65.0
449.90909090909093,69.9090909090909
449.8181818181818,74.81818181818181
449.72727272727275,79.72727272727272
449.6363636363636,84.63636363636364
449.54545454545456,89.54545454545455
449.45454545454544,94.45454545454545
449.3636363636364,99.36363636363637
449.27272727272725,104.27272727272728
449.1818181818182,109.18181818181819
449.09090909090907,114.0909090909091
449.0,119.0
448.90909090909093,123.9090909090909
448.8181818181818,128.8181818181818
448.72727272727275,133.72727272727275
448.6363636363636,138.63636363636363
448.54545454545456,143.54545454545456
448.45454545454544,148.45454545454544
448.3636363636364,153.36363636363637
448.27272727272725,158.27272727272728
448.1818181818182,163.1818181818182
448.09090909090907,168.0909090909091
448.0,173.0
447.90909090909093,177.9090909090909
447.8181818181818,182.8181818181818
447.72727272727275,187.72727272727275
447.6363636363636,192.63636363636363
447.54545454545456,197.54545454545456
447.45454545454544,202.45454545454547
447.3636363636364,207.36363636363637
447.27272727272725,212.27272727272728
447.1818181818182,217.1818181818182
447.09090909090907,222.0909090909091
447.0,227.0
446.90909090909093,231.9090909090909
446.8181818181818,236.8181818181818
446.72727272727275,241.72727272727272
446.6363636363636,246.63636363636363
446.54545454545456,251.54545454545456
446.45454545454544,256.4545454545455
446.3636363636364,261.3636363636364
446.27272727272725,266.27272727272725
446.1818181818182,271.1818181818182
446.09090909090907,276.0909090909091
446.0,281.0
445.90909090909093,285.9090909090909
445.8181818181818,290.8181818181818
445.72727272727275,295.72727272727275
445.6363636363636,300.6363636363636
445.54545454545456,305.54545454545456
445.45454545454544,310.4545454545455
445.3636363636364,315.3636363636364
445.27272727272725,320.27272727272725
445.1818181818182,325.1818181818182
445.09090909090907,330.0909090909091
445.0,335.0
445.0769230769231,339.9230769230769
445.15384615384613,344.84615384615387
445.2307692307692,349.7692307692308
445.3076923076923,354.6923076923077
445.38461538461536,359.61538461538464
445.46153846153845,364.53846153846155
445.53846153846155,369.46153846153845
445.61538461538464,374.38461538461536
445.6923076923077,379.3076923076923
445.7692307692308,384.2307692307692
445.84615384615387,389.1538461538462
445.9230769230769,394.0769230769231
446.0,399.0
446.0769230769231,403.9230769230769
446.15384615384613,408.84615384615387
446.2307692307692,413.7692307692308
446.3076923076923,418.6923076923077
446.38461538461536,423.61538461538464
446.46153846153845,428.53846153846155
446.53846153846155,433.46153846153845
446.61538461538464,438.38461538461536
446.6923076923077,443.3076923076923
446.7692307692308,448.2307692307692
446.84615384615387,453.1538461538462
446.9230769230769,458.0769230769231
447.0,463.0
447.0769230769231,467.9230769230769
447.15384615384613,472.84615384615387
447.2307692307692,477.7692307692308
447.3076923076923,482.69230769230774
447.38461538461536,487.61538461538464
447.46153846153845,492.53846153846155
447.53846153846155,497.46153846153845
447.61538461538464,502.38461538461536
447.6923076923077,507.3076923076923
447.7692307692308,512.2307692307693
447.84615384615387,517.1538461538462
447.9230769230769,522.0769230769231
448.0,527.0
448.0769230769231,531.9230769230769
448.15384615384613,536.8461538461538
448.2307692307692,541.7692307692307
448.3076923076923,546.6923076923077
448.38461538461536,551.6153846153846
448.46153846153845,556.5384615384615
448.53846153846155,561.4615384615385
448.61538461538464,566.3846153846154
448.6923076923077,571.3076923076924
448.7692307692308,576.2307692307693
448.84615384615387,581.1538461538462
448.9230769230769,586.0769230769231
449.0,591.0
443.972602739726,591.013698630137
438.94520547945206,591.027397260274
433.9178082191781,591.0410958904109
428.8904109589041,591.054794520548
423.86301369863014,591.068493150685
418.83561643835617,591.082191780822
413.8082191780822,591.0958904109589
408.7808219178082,591.1095890410959
403.75342465753425,591.1232876712329
398.7260273972603,591.1369863013699
393.6986301369863,591.1506849315068
388.67123287671234,591.1643835616438
383.64383561643837,591.1780821917808
378.6164383561644,591.1917808219179
373.5890410958904,591.2054794520548
368.56164383561645,591.2191780821918
363.5342465753425,591.2328767123288
358.5068493150685,591.2465753424658
353.47945205479454,591.2602739726027
348.45205479452056,591.2739726027397
343.4246575342466,591.2876712328767
338.3972602739726,591.3013698630137
333.36986301369865,591.3150684931506
328.3424657534247,591.3287671232877
323.31506849315065,591.3424657534247
318.28767123287673,591.3561643835617
313.2602739726027,591.3698630136986
308.2328767123288,591.3835616438356
303.20547945205476,591.3972602739726
298.17808219178085,591.4109589041096
293.1506849315068,591.4246575342465
288.1232876712329,591.4383561643835
283.0958904109589,591.4520547945206
278.06849315068496,591.4657534246576
273.04109589041093,591.4794520547945
268.013698630137,591.4931506849315
262.986301369863,591.5068493150685
257.95890410958907,591.5205479452055
252.93150684931507,591.5342465753424
247.9041095890411,591.5479452054794
242.87671232876713,591.5616438356165
237.84931506849315,591.5753424657535
232.82191780821918,591.5890410958904
227.7945205479452,591.6027397260274
222.76712328767124,591.6164383561644
217.73972602739727,591.6301369863014
212.7123287671233,591.6438356164383
207.6849315068493,591.6575342465753
202.65753424657532,591.6712328767123
197.63013698630135,591.6849315068494
192.60273972602738,591.6986301369863
187.5753424657534,591.7123287671233
182.54794520547944,591.7260273972603
177.52054794520546,591.7397260273973
172.4931506849315,591.7534246575342
167.46575342465752,591.7671232876712
162.43835616438355,591.7808219178082
157.41095890410958,591.7945205479452
152.3835616438356,591.8082191780821
147.35616438356163,591.8219178082192
142.32876712328766,591.8356164383562
137.3013698630137,591.8493150684932
132.27397260273972,591.8630136986301
127.24657534246575,591.8767123287671
122.21917808219177,591.8904109589041
117.1917808219178,591.9041095890411
112.16438356164383,591.917808219178
107.13698630136986,591.931506849315
102.10958904109589,591.945205479452
97.08219178082192,591.9589041095891
92.05479452054794,591.972602739726
87.02739726027397,591.986301369863
82.0,592.0
81.80666666666667,596.8266666666667
81.61333333333333,601.6533333333333
81.42,606.48
81.22666666666667,611.3066666666666
81.03333333333333,616.1333333333333
80.84,620.96
80.64666666666666,625.7866666666666
80.45333333333333,630.6133333333333
80.26,635.44
80.06666666666666,640.2666666666667
79.87333333333333,645.0933333333334
79.68,649.92
79.48666666666666,654.7466666666667
79.29333333333334,659.5733333333334
79.1,664.4
78.90666666666667,669.2266666666667
78.71333333333334,674.0533333333333
78.52,678.88
78.32666666666667,683.7066666666667
78.13333333333334,688.5333333333333
77.94,693.36
77.74666666666667,698.1866666666667
77.55333333333333,703.0133333333333
77.36,707.84
77.16666666666667,712.6666666666666
76.97333333333333,717.4933333333333
76.78,722.32
76.58666666666667,727.1466666666666
76.39333333333333,731.9733333333334
76.2,736.8
76.00666666666666,741.6266666666667
75.81333333333333,746.4533333333334
75.62,751.28
75.42666666666666,756.1066666666667
75.23333333333333,760.9333333333334
75.04,765.76
74.84666666666666,770.5866666666667
74.65333333333334,775.4133333333334
74.46,780.24
74.26666666666667,785.0666666666667
74.07333333333334,789.8933333333333
73.88,794.72
73.68666666666667,799.5466666666666
73.49333333333334,804.3733333333333
73.3,809.2
73.10666666666667,814.0266666666666
72.91333333333333,818.8533333333334
72.72,823.6800000000001
72.52666666666667,828.5066666666667
72.33333333333333,833.3333333333334
72.14,838.1600000000001
71.94666666666667,842.9866666666667
71.75333333333333,847.8133333333334
71.56,852.6400000000001
71.36666666666667,857.4666666666667
71.17333333333333,862.2933333333333
70.98,867.12
70.78666666666666,871.9466666666667
70.59333333333333,876.7733333333333
70.4,881.6
70.20666666666666,886.4266666666667
70.01333333333334,891.2533333333333
69.82,896.08
69.62666666666667,900.9066666666668
69.43333333333334,905.7333333333333
69.24,910.56
69.04666666666667,915.3866666666668
68.85333333333334,920.2133333333334
68.66,925.04
68.46666666666667,929.8666666666667
68.27333333333334,934.6933333333334
68.08,939.52
67.88666666666667,944.3466666666667
67.69333333333333,949.1733333333334
67.5,954.0
67.30666666666667,958.8266666666667
67.11333333333333,963.6533333333334
66.92,968.48
66.72666666666666,973.3066666666667
66.53333333333333,978.1333333333334
66.34,982.96
66.14666666666666,987.7866666666666
65.95333333333333,992.6133333333333
65.76,997.44
65.56666666666666,1002.2666666666667
65.37333333333333,1007.0933333333334
65.18,1011.9200000000001
64.98666666666666,1016.7466666666667
64.79333333333334,1021.5733333333334
64.6,1026.4
64.40666666666667,1031.2266666666667
64.21333333333334,1036.0533333333333
64.02,1040.88
63.82666666666667,1045.7066666666667
63.63333333333333,1050.5333333333333
63.44,1055.3600000000001
63.24666666666667,1060.1866666666667
63.053333333333335,1065.0133333333333
62.86,1069.8400000000001
62.66666666666667,1074.6666666666667
62.47333333333333,1079.4933333333333
62.28,1084.3200000000002
62.086666666666666,1089.1466666666668
61.89333333333333,1093.9733333333334
61.7,1098.8000000000002
61.50666666666667,1103.6266666666668
61.31333333333333,1108.4533333333334
61.120000000000005,1113.2800000000002
60.92666666666666,1118.1066666666666
60.733333333333334,1122.9333333333334
60.54,1127.7600000000002
60.346666666666664,1132.5866666666666
60.153333333333336,1137.4133333333334
59.96,1142.24
59.766666666666666,1147.0666666666666
59.57333333333334,1151.8933333333334
59.379999999999995,1156.72
59.18666666666667,1161.5466666666666
58.99333333333333,1166.3733333333334
58.8,1171.2
58.60666666666667,1176.0266666666666
58.413333333333334,1180.8533333333335
58.22,1185.68
58.02666666666667,1190.5066666666667
57.83333333333333,1195.3333333333335
57.64,1200.16
57.446666666666665,1204.9866666666667
57.25333333333333,1209.8133333333335
57.06,1214.64
56.86666666666667,1219.4666666666667
56.67333333333333,1224.2933333333335
56.480000000000004,1229.12
56.28666666666667,1233.9466666666667
56.093333333333334,1238.7733333333335
55.900000000000006,1243.6
55.70666666666666,1248.4266666666667
55.513333333333335,1253.2533333333336
55.32,1258.08
55.126666666666665,1262.9066666666668
54.93333333333334,1267.7333333333333
54.74,1272.56
54.54666666666667,1277.3866666666668
54.35333333333334,1282.2133333333334
54.16,1287.04
53.96666666666667,1291.8666666666668
53.77333333333333,1296.6933333333334
53.58,1301.52
53.38666666666667,1306.3466666666668
53.193333333333335,1311.1733333333334
53.0,1316.0
58.027027027027025,1315.9864864864865
63.054054054054056,1315.972972972973
68.08108108108108,1315.9594594594594
73.10810810810811,1315.945945945946
78.13513513513513,1315.9324324324325
83.16216216216216,1315.918918918919
88.1891891891892,1315.9054054054054
93.21621621621622,1315.8918918918919
98.24324324324324,1315.8783783783783
103.27027027027027,1315.8648648648648
108.29729729729729,1315.8513513513512
113.32432432432432,1315.837837837838
118.35135135135135,1315.8243243243244
123.37837837837839,1315.8108108108108
128.40540540540542,1315.7972972972973
133.43243243243245,1315.7837837837837
138.45945945945948,1315.7702702702702
143.48648648648648,1315.7567567567567
148.51351351351352,1315.7432432432433
153.54054054054055,1315.7297297297298
158.56756756756755,1315.7162162162163
163.59459459459458,1315.7027027027027
168.6216216216216,1315.6891891891892
173.64864864864865,1315.6756756756756
178.67567567567568,1315.662162162162
183.7027027027027,1315.6486486486488
188.72972972972974,1315.6351351351352
193.75675675675677,1315.6216216216217
198.78378378378378,1315.6081081081081
203.8108108108108,1315.5945945945946
208.83783783783784,1315.581081081081
213.86486486486487,1315.5675675675675
218.8918918918919,1315.554054054054
223.91891891891893,1315.5405405405406
228.94594594594597,1315.527027027027
233.97297297297297,1315.5135135135135
239.0,1315.5
244.02702702702703,1315.4864864864865
249.05405405405406,1315.472972972973
254.0810810810811,1315.4594594594594
259.1081081081081,1315.445945945946
264.1351351351351,1315.4324324324325
269.1621621621622,1315.418918918919
274.18918918918916,1315.4054054054054
279.21621621621625,1315.3918918918919
284.2432432432432,1315.3783783783783
289.2702702702703,1315.3648648648648
294.2972972972973,1315.3513513513512
299.3243243243243,1315.337837837838
304.35135135135135,1315.3243243243244
309.3783783783784,1315.3108108108108
314.4054054054054,1315.2972972972973
319.43243243243245,1315.2837837837837
324.4594594594595,1315.2702702702702
329.4864864864865,1315.2567567567567
334.51351351351354,1315.2432432432433
339.5405405405406,1315.2297297297298
344.56756756756755,1315.2162162162163
349.5945945945946,1315.2027027027027
354.6216216216216,1315.1891891891892
359.64864864864865,1315.1756756756756
364.6756756756757,1315.162162162162
369.7027027027027,1315.1486486486488
374.72972972972974,1315.1351351351352
379.7567567567568,1315.1216216216217
384.7837837837838,1315.1081081081081
389.81081081081084,1315.0945945945946
394.83783783783787,1315.081081081081
399.8648648648649,1315.0675675675675
404.89189189189193,1315.054054054054
409.9189189189189,1315.0405405405406
414.94594594594594,1315.027027027027
419.97297297297297,1315.0135135135135
425.0,1315.0
428.625,1313.375
432.25,1311.75
435.875,1310.125
439.5,1308.5
443.125,1306.875
446.75,1305.25
450.375,1303.625
454.0,1302.0
457.625,1300.375
461.25,1298.75
464.875,1297.125
468.5,1295.5
472.125,1293.875
475.75,1292.25
479.375,1290.625
483.0,1289.0
478.6875,1288.25
474.375,1287.5
470.0625,1286.75
465.75,1286.0
461.4375,1285.25
457.125,1284.5
452.8125,1283.75
448.5,1283.0
444.1875,1282.25
439.875,1281.5
435.5625,1280.75
431.25,1280.0
426.9375,1279.25
422.625,1278.5
418.3125,1277.75
414.0,1277.0
412.44444444444446,1280.6666666666667
410.8888888888889,1284.3333333333333
409.3333333333333,1288.0
407.77777777777777,1291.6666666666667
406.22222222222223,1295.3333333333333
404.6666666666667,1299.0
403.1111111111111,1302.6666666666667
401.55555555555554,1306.3333333333333
400.0,1310.0
398.44444444444446,1313.6666666666667
396.8888888888889,1317.3333333333333
395.3333333333333,1321.0
393.77777777777777,1324.6666666666667
392.22222222222223,1328.3333333333333
390.6666666666667,1332.0
389.1111111111111,1335.6666666666667
387.55555555555554,1339.3333333333333
386.0,1343.0
391.09090909090907,1343.2727272727273
396.1818181818182,1343.5454545454545
401.27272727272725,1343.8181818181818
406.3636363636364,1344.090909090909
411.45454545454544,1344.3636363636363
416.54545454545456,1344.6363636363637
421.6363636363636,1344.909090909091
426.72727272727275,1345.1818181818182
431.8181818181818,1345.4545454545455
436.9090909090909,1345.7272727272727
442.0,1346.0
442.2857142857143,1341.2857142857142
442.57142857142856,1336.5714285714287
442.85714285714283,1331.857142857143
443.14285714285717,1327.142857142857
443.42857142857144,1322.4285714285713
443.7142857142857,1317.7142857142858
444.0,1313.0
444.2857142857143,1308.2857142857142
444.57142857142856,1303.5714285714287
444.85714285714283,1298.857142857143
445.14285714285717,1294.142857142857
445.42857142857144,1289.4285714285713
445.7142857142857,1284.7142857142858
446.0,1280.0
445.9076923076923,1275.0307692307692
445.81538461538463,1270.0615384615385
445.7230769230769,1265.0923076923077
445.6307692307692,1260.123076923077
445.53846153846155,1255.1538461538462
445.44615384615383,1250.1846153846154
445.3538461538462,1245.2153846153847
445.26153846153846,1240.246153846154
445.16923076923075,1235.2769230769231
445.0769230769231,1230.3076923076924
444.9846153846154,1225.3384615384616
444.89230769230767,1220.3692307692309
444.8,1215.4
444.7076923076923,1210.4307692307693
444.61538461538464,1205.4615384615386
444.5230769230769,1200.4923076923078
444.4307692307692,1195.523076923077
444.33846153846156,1190.553846153846
444.24615384615385,1185.5846153846153
444.15384615384613,1180.6153846153845
444.0615384615385,1175.6461538461538
443.96923076923076,1170.676923076923
443.87692307692305,1165.7076923076922
443.7846153846154,1160.7384615384615
443.6923076923077,1155.7692307692307
443.6,1150.8
443.5076923076923,1145.8307692307692
443.4153846153846,1140.8615384615384
443.32307692307694,1135.8923076923077
443.2307692307692,1130.923076923077
443.1384615384615,1125.9538461538461
443.04615384615386,1120.9846153846154
442.95384615384614,1116.0153846153846
442.8615384615385,1111.0461538461539
442.7692307692308,1106.076923076923
442.67692307692306,1101.1076923076923
442.5846153846154,1096.1384615384616
442.4923076923077,1091.1692307692308
442.4,1086.2
442.3076923076923,1081.2307692307693
442.2153846153846,1076.2615384615385
442.12307692307695,1071.2923076923078
442.03076923076924,1066.323076923077
441.9384615384615,1061.3538461538462
441.84615384615387,1056.3846153846155
441.75384615384615,1051.4153846153845
441.66153846153844,1046.4461538461537
441.5692307692308,1041.476923076923
441.4769230769231,1036.5076923076922
441.38461538461536,1031.5384615384614
441.2923076923077,1026.5692307692307
441.2,1021.6
441.10769230769233,1016.6307692307691
441.0153846153846,1011.6615384615384
440.9230769230769,1006.6923076923076
440.83076923076925,1001.7230769230769
440.73846153846154,996.7538461538461
440.6461538461538,991.7846153846153
440.55384615384617,986.8153846153846
440.46153846153845,981.8461538461538
440.3692307692308,976.876923076923
440.2769230769231,971.9076923076923
440.18461538461537,966.9384615384615
440.0923076923077,961.9692307692308
440.0,957.0
440.26027397260276,952.2328767123288
440.52054794520546,947.4657534246576
440.7808219178082,942.6986301369863
441.041095890411,937.931506849315
441.3013698630137,933.1643835616438
441.56164383561645,928.3972602739726
441.82191780821915,923.6301369863014
442.0821917808219,918.8630136986301
442.3424657534247,914.0958904109589
442.6027397260274,909.3287671232877
442.86301369863014,904.5616438356165
443.1232876712329,899.7945205479452
443.3835616438356,895.0273972602739
443.64383561643837,890.2602739726027
443.90410958904107,885.4931506849315
444.16438356164383,880.7260273972603
444.4246575342466,875.9589041095891
444.6849315068493,871.1917808219177
444.94520547945206,866.4246575342465
445.2054794520548,861.6575342465753
445.4657534246575,856.8904109589041
445.7260273972603,852.1232876712329
445.986301369863,847.3561643835617
446.24657534246575,842.5890410958904
446.5068493150685,837.8219178082192
446.7671232876712,833.054794520548
447.027397260274,828.2876712328767
447.28767123287673,823.5205479452054
447.54794520547944,818.7534246575342
447.8082191780822,813.986301369863
448.06849315068496,809.2191780821918
448.32876712328766,804.4520547945206
448.5890410958904,799.6849315068494
448.8493150684931,794.917808219178
449.1095890410959,790.1506849315068
449.36986301369865,785.3835616438356
449.63013698630135,780.6164383561644
449.8904109589041,775.8493150684931
450.1506849315069,771.0821917808219
450.4109589041096,766.3150684931506
450.67123287671234,761.5479452054794
450.93150684931504,756.7808219178082
451.1917808219178,752.013698630137
451.45205479452056,747.2465753424658
451.71232876712327,742.4794520547945
451.972602739726,737.7123287671233
452.2328767123288,732.945205479452
452.4931506849315,728.1780821917807
452.75342465753425,723.4109589041095
453.013698630137,718.6438356164383
453.2739726027397,713.8767123287671
453.5342465753425,709.1095890410959
453.7945205479452,704.3424657534247
454.05479452054794,699.5753424657535
454.3150684931507,694.8082191780823
454.5753424657534,690.0410958904109
454.83561643835617,685.2739726027397
455.09589041095893,680.5068493150684
455.35616438356163,675.7397260273972
455.6164383561644,670.972602739726
455.8767123287671,666.2054794520548
456.13698630136986,661.4383561643835
456.3972602739726,656.6712328767123
456.6575342465753,651.9041095890411
456.9178082191781,647.1369863013699
457.17808219178085,642.3698630136986
457.43835616438355,637.6027397260274
457.6986301369863,632.835616438356
457.958904109589,628.0684931506848
458.2191780821918,623.3013698630136
458.47945205479454,618.5342465753424
458.73972602739724,613.7671232876712
459.0,609.0
463.95588235294116,608.9264705882352
468.9117647058824,608.8529411764706
473.86764705882354,608.7794117647059
478.8235294117647,608.7058823529412
483.77941176470586,608.6323529411765
488.7352941176471,608.5588235294117
493.69117647058823,608.4852941176471
498.6470588235294,608.4117647058823
503.6029411764706,608.3382352941177
508.55882352941177,608.2647058823529
513.5147058823529,608.1911764705883
518.4705882352941,608.1176470588235
523.4264705882352,608.0441176470588
528.3823529411765,607.9705882352941
533.3382352941177,607.8970588235294
538.2941176470588,607.8235294117648
543.25,607.75
548.2058823529412,607.6764705882352
553.1617647058823,607.6029411764706
558.1176470588235,607.5294117647059
563.0735294117648,607.4558823529412
568.0294117647059,607.3823529411765
572.9852941176471,607.3088235294117
577.9411764705883,607.2352941176471
582.8970588235294,607.1617647058823
587.8529411764706,607.0882352941177
592.8088235294117,607.0147058823529
597.7647058823529,606.9411764705883
602.7205882352941,606.8676470588235
607.6764705882354,606.7941176470588
612.6323529411765,606.7205882352941
617.5882352941177,606.6470588235294
622.5441176470588,606.5735294117648
627.5,606.5
632.4558823529412,606.4264705882352
637.4117647058823,606.3529411764706
642.3676470588235,606.2794117647059
647.3235294117648,606.2058823529412
652.2794117647059,606.1323529411765
657.2352941176471,606.0588235294117
662.1911764705883,605.9852941176471
667.1470588235294,605.9117647058823
672.1029411764706,605.8382352941177
677.0588235294117,605.7647058823529
682.0147058823529,605.6911764705883
686.9705882352941,605.6176470588235
691.9264705882354,605.5441176470588
696.8823529411765,605.4705882352941
701.8382352941177,605.3970588235294
706.7941176470588,605.3235294117648
711.75,605.25
716.7058823529412,605.1764705882352
721.6617647058824,605.1029411764706
726.6176470588235,605.0294117647059
731.5735294117646,604.9558823529412
736.5294117647059,604.8823529411765
741.4852941176471,604.8088235294117
746.4411764705883,604.7352941176471
751.3970588235295,604.6617647058823
756.3529411764706,604.5882352941177
761.3088235294117,604.5147058823529
766.2647058823529,604.4411764705883
771.2205882352941,604.3676470588235
776.1764705882354,604.2941176470588
781.1323529411765,604.2205882352941
786.0882352941177,604.1470588235294
791.0441176470588,604.0735294117648
796.0,604.0
800.829268292683,604.1829268292682
805.6585365853658,604.3658536585366
810.4878048780488,604.5487804878048
815.3170731707318,604.7317073170732
820.1463414634146,604.9146341463414
824.9756097560976,605.0975609756098
829.8048780487804,605.280487804878
834.6341463414634,605.4634146341464
839.4634146341464,605.6463414634146
844.2926829268292,605.829268292683
849.1219512195122,606.0121951219512
853.9512195121952,606.1951219512196
858.780487804878,606.3780487804878
863.609756097561,606.560975609756
868.439024390244,606.7439024390244
873.2682926829268,606.9268292682926
878.0975609756098,607.109756097561
882.9268292682926,607.2926829268292
887.7560975609756,607.4756097560976
892.5853658536586,607.6585365853658
897.4146341463414,607.8414634146342
902.2439024390244,608.0243902439024
907.0731707317073,608.2073170731708
911.9024390243902,608.390243902439
916.7317073170732,608.5731707317074
921.560975609756,608.7560975609756
926.390243902439,608.939024390244
931.219512195122,609.1219512195122
936.0487804878048,609.3048780487804
940.8780487804878,609.4878048780488
945.7073170731708,609.670731707317
950.5365853658536,609.8536585365854
955.3658536585366,610.0365853658536
960.1951219512196,610.219512195122
965.0243902439024,610.4024390243902
969.8536585365854,610.5853658536586
974.6829268292684,610.7682926829268
979.5121951219512,610.9512195121952
984.3414634146342,611.1341463414634
989.170731707317,611.3170731707318
994.0,611.5
998.8292682926829,611.6829268292682
1003.6585365853658,611.8658536585366
1008.4878048780488,612.0487804878048
1013.3170731707316,612.2317073170732
1018.1463414634146,612.4146341463414
1022.9756097560976,612.5975609756098
1027.8048780487804,612.780487804878
1032.6341463414633,612.9634146341464
1037.4634146341464,613.1463414634146
1042.2926829268292,613.329268292683
1047.121951219512,613.5121951219512
1051.9512195121952,613.6951219512196
1056.780487804878,613.8780487804878
1061.6097560975609,614.060975609756
1066.439024390244,614.2439024390244
1071.2682926829268,614.4268292682926
1076.0975609756097,614.609756097561
1080.9268292682927,614.7926829268292
1085.7560975609756,614.9756097560976
1090.5853658536585,615.1585365853658
1095.4146341463415,615.3414634146342
1100.2439024390244,615.5243902439024
1105.0731707317073,615.7073170731708
1109.9024390243903,615.890243902439
1114.7317073170732,616.0731707317074
1119.560975609756,616.2560975609756
1124.3902439024391,616.439024390244
1129.219512195122,616.6219512195122
1134.0487804878048,616.8048780487804
1138.878048780488,616.9878048780488
1143.7073170731708,617.170731707317
1148.5365853658536,617.3536585365854
1153.3658536585367,617.5365853658536
1158.1951219512196,617.719512195122
1163.0243902439024,617.9024390243902
1167.8536585365853,618.0853658536586
1172.6829268292684,618.2682926829268
1177.5121951219512,618.4512195121952
1182.341463414634,618.6341463414634
1187.1707317073171,618.8170731707318
1192.0,619.0
1192.2131147540983,623.7868852459017
1192.4262295081967,628.5737704918033
1192.639344262295,633.360655737705
1192.8524590163934,638.1475409836065
1193.0655737704917,642.9344262295082
1193.27868852459,647.7213114754098
1193.4918032786886,652.5081967213115
1193.704918032787,657.2950819672132
1193.9180327868853,662.0819672131147
1194.1311475409836,666.8688524590164
1194.344262295082,671.655737704918
1194.5573770491803,676.4426229508197
1194.7704918032787,681.2295081967213
1194.983606557377,686.016393442623
1195.1967213114754,690.8032786885246
1195.4098360655737,695.5901639344262
1195.622950819672,700.3770491803278
1195.8360655737704,705.1639344262295
1196.049180327869,709.9508196721312
1196.2622950819673,714.7377049180328
1196.4754098360656,719.5245901639344
1196.688524590164,724.311475409836
1196.9016393442623,729.0983606557377
1197.1147540983607,733.8852459016393
1197.327868852459,738.672131147541
1197.5409836065573,743.4590163934427
1197.7540983606557,748.2459016393443
1197.967213114754,753.032786885246
1198.1803278688524,757.8196721311475
1198.3934426229507,762.6065573770492
1198.6065573770493,767.3934426229508
1198.8196721311476,772.1803278688525
1199.032786885246,776.967213114754
1199.2459016393443,781.7540983606557
1199.4590163934427,786.5409836065573
1199.672131147541,791.327868852459
1199.8852459016393,796.1147540983607
1200.0983606557377,800.9016393442623
1200.311475409836,805.688524590164
1200.5245901639344,810.4754098360656
1200.7377049180327,815.2622950819672
1200.950819672131,820.0491803278688
1201.1639344262296,824.8360655737705
1201.377049180328,829.6229508196722
1201.5901639344263,834.4098360655737
1201.8032786885246,839.1967213114754
1202.016393442623,843.983606557377
1202.2295081967213,848.7704918032787
1202.4426229508197,853.5573770491803
1202.655737704918,858.344262295082
1202.8688524590164,863.1311475409836
1203.0819672131147,867.9180327868853
1203.295081967213,872.7049180327868
1203.5081967213114,877.4918032786885
1203.72131147541,882.2786885245902
1203.9344262295083,887.0655737704918
1204.1475409836066,891.8524590163934
1204.360655737705,896.639344262295
1204.5737704918033,901.4262295081967
1204.7868852459017,906.2131147540983
1205.0,911.0
1204.6969696969697,915.8181818181819
1204.3939393939395,920.6363636363636
1204.090909090909,925.4545454545455
1203.7878787878788,930.2727272727273
1203.4848484848485,935.0909090909091
1203.1818181818182,939.9090909090909
1202.878787878788,944.7272727272727
1202.5757575757575,949.5454545454545
1202.2727272727273,954.3636363636364
1201.969696969697,959.1818181818182
1201.6666666666667,964.0
1201.3636363636363,968.8181818181819
1201.060606060606,973.6363636363636
1200.7575757575758,978.4545454545455
1200.4545454545455,983.2727272727273
1200.1515151515152,988.0909090909091
1199.8484848484848,992.9090909090909
1199.5454545454545,997.7272727272727
1199.2424242424242,1002.5454545454545
1198.939393939394,1007.3636363636364
1198.6363636363637,1012.1818181818182
1198.3333333333333,1017.0
1198.030303030303,1021.8181818181819
1197.7272727272727,1026.6363636363637
1197.4242424242425,1031.4545454545455
1197.121212121212,1036.2727272727273
1196.8181818181818,1041.090909090909
1196.5151515151515,1045.909090909091
1196.2121212121212,1050.7272727272727
1195.909090909091,1055.5454545454545
1195.6060606060605,1060.3636363636365
1195.3030303030303,1065.1818181818182
1195.0,1070.0
1194.9166666666667,1075.0
1194.8333333333333,1080.0
1194.75,1085.0
1194.6666666666667,1090.0
1194.5833333333333,1095.0
1194.5,1100.0
1194.4166666666667,1105.0
1194.3333333333333,1110.0
1194.25,1115.0
1194.1666666666667,1120.0
1194.0833333333333,1125.0
1194.0,1130.0
1193.9166666666667,1135.0
1193.8333333333333,1140.0
1193.75,1145.0
1193.6666666666667,1150.0
1193.5833333333333,1155.0
1193.5,1160.0
1193.4166666666667,1165.0
1193.3333333333333,1170.0
1193.25,1175.0
1193.1666666666667,1180.0
1193.0833333333333,1185.0
1193.0,1190.0
1192.9166666666667,1195.0
1192.8333333333333,1200.0
1192.75,1205.0
1192.6666666666667,1210.0
1192.5833333333333,1215.0
1192.5,1220.0
1192.4166666666667,1225.0
1192.3333333333333,1230.0
1192.25,1235.0
1192.1666666666667,1240.0
1192.0833333333333,1245.0
1192.0,1250.0
1191.9166666666667,1255.0
1191.8333333333333,1260.0
1191.75,1265.0
1191.6666666666667,1270.0
1191.5833333333333,1275.0
1191.5,1280.0
1191.4166666666667,1285.0
1191.3333333333333,1290.0
1191.25,1295.0
1191.1666666666667,1300.0
1191.0833333333333,1305.0
1191.0,1310.0
1185.9714285714285,1310.0285714285715
1180.942857142857,1310.057142857143
1175.9142857142858,1310.0857142857142
1170.8857142857144,1310.1142857142856
1165.857142857143,1310.142857142857
1160.8285714285714,1310.1714285714286
1155.8,1310.2
1150.7714285714285,1310.2285714285715
1145.7428571428572,1310.2571428571428
1140.7142857142858,1310.2857142857142
1135.6857142857143,1310.3142857142857
1130.6571428571428,1310.3428571428572
1125.6285714285714,1310.3714285714286
1120.6,1310.4
1115.5714285714287,1310.4285714285713
1110.5428571428572,1310.4571428571428
1105.5142857142857,1310.4857142857143
1100.4857142857143,1310.5142857142857
1095.4571428571428,1310.5428571428572
1090.4285714285713,1310.5714285714287
1085.4,1310.6
1080.3714285714286,1310.6285714285714
1075.3428571428572,1310.6571428571428
1070.3142857142857,1310.6857142857143
1065.2857142857142,1310.7142857142858
1060.2571428571428,1310.7428571428572
1055.2285714285715,1310.7714285714285
1050.2,1310.8
1045.1714285714286,1310.8285714285714
1040.142857142857,1310.857142857143
1035.1142857142856,1310.8857142857144
1030.0857142857144,1310.9142857142858
1025.057142857143,1310.942857142857
1020.0285714285715,1310.9714285714285
1015.0,1311.0
1009.9714285714285,1311.0285714285715
1004.9428571428572,1311.057142857143
999.9142857142857,1311.0857142857142
994.8857142857144,1311.1142857142856
989.8571428571429,1311.142857142857
984.8285714285714,1311.1714285714286
979.8,1311.2
974.7714285714286,1311.2285714285715
969.7428571428571,1311.2571428571428
964.7142857142858,1311.2857142857142
959.6857142857143,1311.3142857142857
954.6571428571428,1311.3428571428572
949.6285714285714,1311.3714285714286
944.6,1311.4
939.5714285714286,1311.4285714285713
934.5428571428572,1311.4571428571428
929.5142857142857,1311.4857142857143
924.4857142857143,1311.5142857142857
919.4571428571428,1311.5428571428572
914.4285714285714,1311.5714285714287
909.4,1311.6
904.3714285714286,1311.6285714285714
899.3428571428572,1311.6571428571428
894.3142857142857,1311.6857142857143
889.2857142857142,1311.7142857142858
884.2571428571429,1311.7428571428572
879.2285714285715,1311.7714285714285
874.2,1311.8
869.1714285714286,1311.8285714285714
864.1428571428571,1311.857142857143
859.1142857142856,1311.8857142857144
854.0857142857143,1311.9142857142858
849.0571428571429,1311.942857142857
844.0285714285715,1311.9714285714285
839.0,1312.0
834.1315789473684,1311.8684210526317
829.2631578947369,1311.7368421052631
824.3947368421053,1311.6052631578948
819.5263157894736,1311.4736842105262
814.6578947368421,1311.342105263158
809.7894736842105,1311.2105263157894
804.921052631579,1311.078947368421
800.0526315789474,1310.9473684210527
795.1842105263158,1310.8157894736842
790.3157894736842,1310.6842105263158
785.4473684210526,1310.5526315789473
780.578947368421,1310.421052631579
775.7105263157895,1310.2894736842106
770.8421052631579,1310.157894736842
765.9736842105264,1310.0263157894738
761.1052631578948,1309.8947368421052
756.2368421052631,1309.7631578947369
751.3684210526316,1309.6315789473683
746.5,1309.5
741.6315789473684,1309.3684210526317
736.7631578947369,1309.2368421052631
731.8947368421052,1309.1052631578948
727.0263157894736,1308.9736842105262
722.1578947368421,1308.842105263158
717.2894736842105,1308.7105263157894
712.421052631579,1308.578947368421
707.5526315789474,1308.4473684210527
702.6842105263158,1308.3157894736842
697.8157894736842,1308.1842105263158
692.9473684210526,1308.0526315789473
688.078947368421,1307.921052631579
683.2105263157895,1307.7894736842106
678.3421052631579,1307.657894736842
673.4736842105264,1307.5263157894738
668.6052631578948,1307.3947368421052
663.7368421052631,1307.2631578947369
658.8684210526316,1307.1315789473683
654.0,1307.0
649.1315789473684,1306.8684210526317
644.2631578947369,1306.7368421052631
639.3947368421052,1306.6052631578948
634.5263157894738,1306.4736842105262
629.6578947368421,1306.342105263158
624.7894736842105,1306.2105263157894
619.921052631579,1306.078947368421
615.0526315789474,1305.9473684210527
610.1842105263158,1305.8157894736842
605.3157894736842,1305.6842105263158
600.4473684210526,1305.5526315789473
595.578947368421,1305.421052631579
590.7105263157895,1305.2894736842106
585.8421052631579,1305.157894736842
580.9736842105262,1305.0263157894738
576.1052631578948,1304.8947368421052
571.2368421052631,1304.7631578947369
566.3684210526316,1304.6315789473683
561.5,1304.5
556.6315789473684,1304.3684210526317
551.7631578947369,1304.2368421052631
546.8947368421052,1304.1052631578948
542.0263157894738,1303.9736842105262
537.1578947368421,1303.842105263158
532.2894736842105,1303.7105263157894
527.421052631579,1303.578947368421
522.5526315789474,1303.4473684210527
517.6842105263158,1303.3157894736842
512.8157894736842,1303.1842105263158
507.94736842105266,1303.0526315789473
503.07894736842104,1302.921052631579
498.2105263157895,1302.7894736842106
493.3421052631579,1302.657894736842
488.47368421052636,1302.5263157894738
483.60526315789474,1302.3947368421052
478.7368421052632,1302.2631578947369
473.8684210526316,1302.1315789473683
469.0,1302.0
464.17241379310343,1302.2068965517242
459.3448275862069,1302.4137931034484
454.51724137931035,1302.6206896551723
449.6896551724138,1302.8275862068965
444.86206896551727,1303.0344827586207
440.0344827586207,1303.2413793103449
435.2068965517241,1303.448275862069
430.37931034482756,1303.655172413793
425.55172413793105,1303.8620689655172
420.7241379310345,1304.0689655172414
415.8965517241379,1304.2758620689656
411.0689655172414,1304.4827586206898
406.2413793103448,1304.6896551724137
401.41379310344826,1304.896551724138
396.58620689655174,1305.103448275862
391.7586206896552,1305.3103448275863
386.9310344827586,1305.5172413793102
382.1034482758621,1305.7241379310344
377.2758620689655,1305.9310344827586
372.44827586206895,1306.1379310344828
367.62068965517244,1306.344827586207
362.7931034482759,1306.551724137931
357.9655172413793,1306.7586206896551
353.1379310344828,1306.9655172413793
348.3103448275862,1307.1724137931035
343.48275862068965,1307.3793103448277
338.65517241379314,1307.5862068965516
333.82758620689657,1307.7931034482758
329.0,1308.0
324.1724137931035,1308.2068965517242
319.34482758620686,1308.4137931034484
314.51724137931035,1308.6206896551723
309.68965517241384,1308.8275862068965
304.8620689655172,1309.0344827586207
300.0344827586207,1309.2413793103449
295.2068965517241,1309.448275862069
290.37931034482756,1309.655172413793
285.55172413793105,1309.8620689655172
280.7241379310345,1310.0689655172414
275.8965517241379,1310.2758620689656
271.0689655172414,1310.4827586206898
266.2413793103448,1310.6896551724137
261.41379310344826,1310.896551724138
256.58620689655174,1311.103448275862
251.75862068965517,1311.3103448275863
246.93103448275863,1311.5172413793102
242.10344827586206,1311.7241379310344
237.27586206896552,1311.9310344827586
232.44827586206898,1312.1379310344828
227.6206896551724,1312.344827586207
222.79310344827587,1312.551724137931
217.9655172413793,1312.7586206896551
213.13793103448276,1312.9655172413793
208.31034482758622,1313.1724137931035
203.48275862068965,1313.3793103448277
198.65517241379314,1313.5862068965516
193.82758620689657,1313.7931034482758
189.0,1314.0
184.17241379310343,1314.2068965517242
179.34482758620692,1314.4137931034484
174.51724137931035,1314.6206896551723
169.68965517241378,1314.8275862068965
164.86206896551727,1315.0344827586207
160.0344827586207,1315.2413793103449
155.20689655172413,1315.448275862069
150.37931034482762,1315.655172413793
145.55172413793105,1315.8620689655172
140.72413793103448,1316.0689655172414
135.89655172413796,1316.2758620689656
131.0689655172414,1316.4827586206898
126.24137931034483,1316.6896551724137
121.41379310344826,1316.896551724138
116.58620689655174,1317.103448275862
111.75862068965517,1317.3103448275863
106.9310344827586,1317.5172413793102
102.10344827586209,1317.7241379310344
97.27586206896552,1317.9310344827586
92.44827586206895,1318.1379310344828
87.62068965517244,1318.344827586207
82.79310344827587,1318.551724137931
77.9655172413793,1318.7586206896551
73.13793103448279,1318.9655172413793
68.31034482758622,1319.1724137931035
63.48275862068965,1319.3793103448277
58.65517241379314,1319.5862068965516
53.82758620689657,1319.7931034482758
49.0,1320.0
49.23762376237624,1324.7821782178219
49.475247524752476,1329.5643564356435
49.71287128712871,1334.3465346534654
49.95049504950495,1339.1287128712872
50.18811881188119,1343.9108910891089
50.42574257425743,1348.6930693069307
50.663366336633665,1353.4752475247524
50.9009900990099,1358.2574257425742
51.13861386138614,1363.039603960396
51.37623762376238,1367.8217821782177
51.613861386138616,1372.6039603960396
51.851485148514854,1377.3861386138615
52.08910891089109,1382.1683168316831
52.32673267326733,1386.950495049505
52.56435643564356,1391.7326732673268
52.801980198019805,1396.5148514851485
53.039603960396036,1401.2970297029703
53.27722772277228,1406.079207920792
53.51485148514851,1410.8613861386139
53.75247524752475,1415.6435643564357
53.99009900990099,1420.4257425742574
54.227722772277225,1425.2079207920792
54.46534653465346,1429.990099009901
54.7029702970297,1434.7722772277227
54.94059405940594,1439.5544554455446
55.17821782178218,1444.3366336633662
55.415841584158414,1449.118811881188
55.65346534653465,1453.90099009901
55.89108910891089,1458.6831683168316
56.12871287128713,1463.4653465346535
56.366336633663366,1468.2475247524753
56.603960396039604,1473.029702970297
56.84158415841584,1477.8118811881188
57.07920792079208,1482.5940594059407
57.31683168316832,1487.3762376237623
57.554455445544555,1492.1584158415842
57.79207920792079,1496.9405940594058
58.02970297029703,1501.7227722772277
58.26732673267327,1506.5049504950496
58.504950495049506,1511.2871287128712
58.742574257425744,1516.069306930693
58.98019801980198,1520.851485148515
59.21782178217822,1525.6336633663366
59.45544554455445,1530.4158415841584
59.693069306930695,1535.19801980198
59.930693069306926,1539.980198019802
60.16831683168317,1544.7623762376238
60.4059405940594,1549.5445544554455
60.64356435643565,1554.3267326732673
60.88118811881188,1559.1089108910892
61.11881188118812,1563.8910891089108
61.35643564356435,1568.6732673267327
61.59405940594059,1573.4554455445545
61.83168316831683,1578.2376237623762
62.06930693069307,1583.019801980198
62.306930693069305,1587.80198019802
62.54455445544554,1592.5841584158416
62.78217821782178,1597.3663366336634
63.01980198019802,1602.148514851485
63.257425742574256,1606.930693069307
63.495049504950494,1611.7128712871286
63.73267326732673,1616.4950495049504
63.97029702970297,1621.2772277227723
64.20792079207921,1626.059405940594
64.44554455445544,1630.8415841584158
64.68316831683168,1635.6237623762377
64.92079207920793,1640.4059405940593
65.15841584158416,1645.1881188118812
65.39603960396039,1649.970297029703
65.63366336633663,1654.7524752475247
65.87128712871288,1659.5346534653465
66.10891089108911,1664.3168316831684
66.34653465346534,1669.09900990099
66.58415841584159,1673.881188118812
66.82178217821782,1678.6633663366338
67.05940594059406,1683.4455445544554
67.29702970297029,1688.2277227722773
67.53465346534654,1693.009900990099
67.77227722772277,1697.7920792079208
68.00990099009901,1702.5742574257424
68.24752475247524,1707.3564356435643
68.48514851485149,1712.1386138613861
68.72277227722772,1716.9207920792078
68.96039603960396,1721.7029702970297
69.1980198019802,1726.4851485148515
69.43564356435644,1731.2673267326732
69.67326732673267,1736.049504950495
69.9108910891089,1740.8316831683169
70.14851485148515,1745.6138613861385
70.38613861386139,1750.3960396039604
70.62376237623762,1755.1782178217823
70.86138613861385,1759.960396039604
71.0990099009901,1764.7425742574258
71.33663366336634,1769.5247524752476
71.57425742574257,1774.3069306930693
71.8118811881188,1779.0891089108911
72.04950495049505,1783.871287128713
72.2871287128713,1788.6534653465346
72.52475247524752,1793.4356435643565
72.76237623762376,1798.2178217821781
73.0,1803.0
77.83561643835617,1803.164383561644
82.67123287671232,1803.3287671232877
87.5068493150685,1803.4931506849316
92.34246575342466,1803.6575342465753
97.17808219178082,1803.8219178082193
102.01369863013699,1803.986301369863
106.84931506849315,1804.150684931507
111.68493150684932,1804.3150684931506
116.52054794520548,1804.4794520547946
121.35616438356165,1804.6438356164383
126.1917808219178,1804.8082191780823
131.02739726027397,1804.972602739726
135.86301369863014,1805.13698630137
140.6986301369863,1805.3013698630136
145.53424657534248,1805.4657534246576
150.36986301369865,1805.6301369863013
155.20547945205482,1805.7945205479452
160.04109589041096,1805.958904109589
164.87671232876713,1806.123287671233
169.7123287671233,1806.2876712328766
174.54794520547944,1806.4520547945206
179.3835616438356,1806.6164383561643
184.21917808219177,1806.7808219178082
189.05479452054794,1806.945205479452
193.8904109589041,1807.109589041096
198.72602739726028,1807.2739726027398
203.56164383561645,1807.4383561643835
208.39726027397262,1807.6027397260275
213.23287671232876,1807.7671232876712
218.06849315068493,1807.9315068493152
222.9041095890411,1808.0958904109589
227.73972602739727,1808.2602739726028
232.57534246575344,1808.4246575342465
237.4109589041096,1808.5890410958905
242.24657534246577,1808.7534246575342
247.08219178082192,1808.9178082191781
251.91780821917808,1809.0821917808219
256.75342465753425,1809.2465753424658
261.5890410958904,1809.4109589041095
266.4246575342466,1809.5753424657535
271.26027397260276,1809.7397260273972
276.0958904109589,1809.9041095890411
280.93150684931504,1810.0684931506848
285.7671232876712,1810.2328767123288
290.6027397260274,1810.3972602739725
295.43835616438355,1810.5616438356165
300.2739726027397,1810.7260273972602
305.1095890410959,1810.890410958904
309.94520547945206,1811.054794520548
314.7808219178082,1811.2191780821918
319.6164383561644,1811.3835616438357
324.45205479452056,1811.5479452054794
329.28767123287673,1811.7123287671234
334.1232876712329,1811.876712328767
338.95890410958907,1812.041095890411
343.79452054794524,1812.2054794520548
348.6301369863014,1812.3698630136987
353.4657534246575,1812.5342465753424
358.3013698630137,1812.6986301369864
363.13698630136986,1812.86301369863
367.972602739726,1813.027397260274
372.8082191780822,1813.1917808219177
377.64383561643837,1813.3561643835617
382.47945205479454,1813.5205479452054
387.3150684931507,1813.6849315068494
392.1506849315069,1813.849315068493
396.98630136986304,1814.013698630137
401.8219178082192,1814.1780821917807
406.6575342465754,1814.3424657534247
411.49315068493155,1814.5068493150684
416.32876712328766,1814.6712328767123
421.16438356164383,1814.835616438356
426.0,1815.0
426.34653465346537,1810.3465346534654
426.6930693069307,1805.6930693069307
427.03960396039605,1801.039603960396
427.38613861386136,1796.3861386138615
427.73267326732673,1791.7326732673268
428.0792079207921,1787.079207920792
428.4257425742574,1782.4257425742574
428.7722772277228,1777.7722772277227
429.1188118811881,1773.118811881188
429.46534653465346,1768.4653465346535
429.81188118811883,1763.8118811881188
430.15841584158414,1759.1584158415842
430.5049504950495,1754.5049504950496
430.8514851485148,1749.851485148515
431.1980198019802,1745.1980198019803
431.54455445544556,1740.5445544554455
431.8910891089109,1735.8910891089108
432.23762376237624,1731.2376237623762
432.58415841584156,1726.5841584158416
432.9306930693069,1721.930693069307
433.2772277227723,1717.2772277227723
433.6237623762376,1712.6237623762377
433.970297029703,1707.970297029703
434.3168316831683,1703.3168316831684
434.66336633663366,1698.6633663366338
435.009900990099,1694.009900990099
435.35643564356434,1689.3564356435643
435.7029702970297,1684.7029702970297
436.049504950495,1680.049504950495
436.3960396039604,1675.3960396039604
436.74257425742576,1670.7425742574258
437.08910891089107,1666.0891089108911
437.43564356435644,1661.4356435643565
437.7821782178218,1656.7821782178219
438.1287128712871,1652.1287128712872
438.4752475247525,1647.4752475247524
438.8217821782178,1642.8217821782177
439.16831683168317,1638.1683168316831
439.51485148514854,1633.5148514851485
439.86138613861385,1628.8613861386139
440.2079207920792,1624.2079207920792
440.55445544554453,1619.5544554455446
440.9009900990099,1614.90099009901
441.2475247524753,1610.2475247524753
441.5940594059406,1605.5940594059407
441.94059405940595,1600.940594059406
442.28712871287127,1596.2871287128712
442.63366336633663,1591.6336633663366
442.980198019802,1586.980198019802
443.3267326732673,1582.3267326732673
443.6732673267327,1577.6732673267327
444.019801980198,1573.019801980198
444.36633663366337,1568.3663366336634
444.71287128712873,1563.7128712871288
445.05940594059405,1559.0594059405942
445.4059405940594,1554.4059405940593
445.7524752475247,1549.7524752475247
446.0990099009901,1545.09900990099
446.44554455445547,1540.4455445544554
446.7920792079208,1535.7920792079208
447.13861386138615,1531.1386138613861
447.48514851485146,1526.4851485148515
447.83168316831683,1521.8316831683169
448.1782178217822,1517.1782178217823
448.5247524752475,1512.5247524752476
448.8712871287129,1507.871287128713
449.2178217821782,1503.2178217821784
449.56435643564356,1498.5643564356435
449.91089108910893,1493.9108910891089
450.25742574257424,1489.2574257425742
450.6039603960396,1484.6039603960396
450.9504950495049,1479.950495049505
451.2970297029703,1475.2970297029703
451.64356435643566,1470.6435643564357
451.990099009901,1465.990099009901
452.33663366336634,1461.3366336633662
452.6831683168317,1456.6831683168316
453.029702970297,1452.029702970297
453.3762376237624,1447.3762376237623
453.7227722772277,1442.7227722772277
454.0693069306931,1438.069306930693
454.41584158415844,1433.4158415841584
454.76237623762376,1428.7623762376238
455.1089108910891,1424.1089108910892
455.45544554455444,1419.4554455445545
455.8019801980198,1414.80198019802
456.1485148514852,1410.1485148514853
456.4950495049505,1405.4950495049507
456.84158415841586,1400.8415841584158
457.18811881188117,1396.1881188118812
457.53465346534654,1391.5346534653465
457.8811881188119,1386.881188118812
458.2277227722772,1382.2277227722773
458.5742574257426,1377.5742574257426
458.9207920792079,1372.920792079208
459.26732673267327,1368.2673267326732
459.61386138613864,1363.6138613861385
459.96039603960395,1358.960396039604
460.3069306930693,1354.3069306930693
460.65346534653463,1349.6534653465346
461.0,1345.0
465.719512195122,1344.6707317073171
470.4390243902439,1344.341463414634
475.1585365853659,1344.0121951219512
479.8780487804878,1343.6829268292684
484.5975609756098,1343.3536585365853
489.3170731707317,1343.0243902439024
494.0365853658537,1342.6951219512196
498.7560975609756,1342.3658536585365
503.4756097560976,1342.0365853658536
508.1951219512195,1341.7073170731708
512.9146341463414,1341.378048780488
517.6341463414634,1341.0487804878048
522.3536585365854,1340.719512195122
527.0731707317074,1340.3902439024391
531.7926829268292,1340.060975609756
536.5121951219512,1339.7317073170732
541.2317073170732,1339.4024390243903
545.9512195121952,1339.0731707317073
550.670731707317,1338.7439024390244
555.390243902439,1338.4146341463415
560.109756097561,1338.0853658536585
564.829268292683,1337.7560975609756
569.5487804878048,1337.4268292682927
574.2682926829268,1337.0975609756097
578.9878048780488,1336.7682926829268
583.7073170731708,1336.439024390244
588.4268292682927,1336.1097560975609
593.1463414634146,1335.780487804878
597.8658536585366,1335.4512195121952
602.5853658536586,1335.121951219512
607.3048780487804,1334.7926829268292
612.0243902439024,1334.4634146341464
616.7439024390244,1334.1341463414635
621.4634146341464,1333.8048780487804
626.1829268292684,1333.4756097560976
630.9024390243902,1333.1463414634147
635.6219512195122,1332.8170731707316
640.3414634146342,1332.4878048780488
645.060975609756,1332.158536585366
649.780487804878,1331.8292682926829
654.5,1331.5
659.219512195122,1331.1707317073171
663.939024390244,1330.841463414634
668.6585365853658,1330.5121951219512
673.3780487804878,1330.1829268292684
678.0975609756098,1329.8536585365853
682.8170731707316,1329.5243902439024
687.5365853658536,1329.1951219512196
692.2560975609756,1328.8658536585365
696.9756097560976,1328.5365853658536
701.6951219512196,1328.2073170731708
706.4146341463415,1327.878048780488
711.1341463414634,1327.5487804878048
715.8536585365854,1327.219512195122
720.5731707317073,1326.8902439024391
725.2926829268292,1326.560975609756
730.0121951219512,1326.2317073170732
734.7317073170732,1325.9024390243903
739.4512195121952,1325.5731707317073
744.1707317073171,1325.2439024390244
748.890243902439,1324.9146341463415
753.609756097561,1324.5853658536585
758.3292682926829,1324.2560975609756
763.0487804878048,1323.9268292682927
767.7682926829268,1323.5975609756097
772.4878048780488,1323.2682926829268
777.2073170731708,1322.939024390244
781.9268292682927,1322.6097560975609
786.6463414634147,1322.280487804878
791.3658536585366,1321.9512195121952
796.0853658536586,1321.621951219512
800.8048780487804,1321.2926829268292
805.5243902439024,1320.9634146341464
810.2439024390244,1320.6341463414635
814.9634146341464,1320.3048780487804
819.6829268292684,1319.9756097560976
824.4024390243903,1319.6463414634147
829.1219512195122,1319.3170731707316
833.8414634146342,1318.9878048780488
838.560975609756,1318.658536585366
843.280487804878,1318.3292682926829
848.0,1318.0
847.6415094339623,1322.6509433962265
847.2830188679245,1327.301886792453
846.9245283018868,1331.9528301886792
846.566037735849,1336.6037735849056
846.2075471698113,1341.254716981132
845.8490566037735,1345.9056603773586
845.4905660377359,1350.5566037735848
845.1320754716982,1355.2075471698113
844.7735849056604,1359.8584905660377
844.4150943396227,1364.5094339622642
844.0566037735849,1369.1603773584907
843.6981132075472,1373.811320754717
843.3396226415094,1378.4622641509434
842.9811320754717,1383.1132075471698
842.622641509434,1387.7641509433963
842.2641509433962,1392.4150943396226
841.9056603773585,1397.066037735849
841.5471698113207,1401.7169811320755
841.188679245283,1406.367924528302
840.8301886792453,1411.0188679245284
840.4716981132076,1415.6698113207547
840.1132075471698,1420.3207547169811
839.7547169811321,1424.9716981132076
839.3962264150944,1429.622641509434
839.0377358490566,1434.2735849056603
838.6792452830189,1438.9245283018868
838.3207547169811,1443.5754716981132
837.9622641509434,1448.2264150943397
837.6037735849056,1452.877358490566
837.2452830188679,1457.5283018867924
836.8867924528302,1462.1792452830189
836.5283018867924,1466.8301886792453
836.1698113207547,1471.4811320754716
835.811320754717,1476.132075471698
835.4528301886793,1480.7830188679245
835.0943396226415,1485.433962264151
834.7358490566038,1490.0849056603774
834.377358490566,1494.7358490566037
834.0188679245283,1499.3867924528302
833.6603773584906,1504.0377358490566
833.3018867924528,1508.688679245283
832.9433962264151,1513.3396226415093
832.5849056603773,1517.9905660377358
832.2264150943396,1522.6415094339623
831.8679245283018,1527.2924528301887
831.5094339622641,1531.9433962264152
831.1509433962265,1536.5943396226414
830.7924528301887,1541.245283018868
830.433962264151,1545.8962264150944
830.0754716981132,1550.5471698113208
829.7169811320755,1555.198113207547
829.3584905660377,1559.8490566037735
829.0,1564.5
828.6415094339623,1569.1509433962265
828.2830188679245,1573.801886792453
827.9245283018868,1578.4528301886792
827.566037735849,1583.1037735849056
827.2075471698113,1587.754716981132
826.8490566037735,1592.4056603773586
826.4905660377359,1597.0566037735848
826.1320754716982,1601.7075471698113
825.7735849056604,1606.3584905660377
825.4150943396227,1611.0094339622642
825.0566037735849,1615.6603773584907
824.6981132075472,1620.311320754717
824.3396226415094,1624.9622641509434
823.9811320754717,1629.6132075471698
823.622641509434,1634.264150943396
823.2641509433962,1638.9150943396226
822.9056603773585,1643.566037735849
822.5471698113207,1648.2169811320755
822.188679245283,1652.867924528302
821.8301886792453,1657.5188679245284
821.4716981132076,1662.1698113207547
821.1132075471698,1666.8207547169811
820.7547169811321,1671.4716981132076
820.3962264150944,1676.1226415094338
820.0377358490566,1680.7735849056603
819.6792452830189,1685.4245283018868
819.3207547169811,1690.0754716981132
818.9622641509434,1694.7264150943397
818.6037735849056,1699.3773584905662
818.2452830188679,1704.0283018867924
817.8867924528302,1708.6792452830189
817.5283018867924,1713.3301886792453
817.1698113207547,1717.9811320754716
816.811320754717,1722.632075471698
816.4528301886793,1727.2830188679245
816.0943396226415,1731.933962264151
815.7358490566038,1736.5849056603774
815.377358490566,1741.235849056604
815.0188679245283,1745.8867924528302
814.6603773584906,1750.5377358490566
814.3018867924528,1755.188679245283
813.9433962264151,1759.8396226415093
813.5849056603773,1764.4905660377358
813.2264150943396,1769.1415094339623
812.8679245283018,1773.7924528301887
812.5094339622642,1778.4433962264152
812.1509433962265,1783.0943396226414
811.7924528301887,1787.745283018868
811.433962264151,1792.3962264150944
811.0754716981132,1797.0471698113208
810.7169811320755,1801.698113207547
810.3584905660377,1806.3490566037735
810.0,1811.0
805.2125,1811.2375
800.425,1811.475
795.6375,1811.7125
790.85,1811.95
786.0625,1812.1875
781.275,1812.425
776.4875,1812.6625
771.7,1812.9
766.9125,1813.1375
762.125,1813.375
757.3375,1813.6125
752.55,1813.85
747.7625,1814.0875
742.975,1814.325
738.1875,1814.5625
733.4,1814.8
728.6125,1815.0375
723.825,1815.275
719.0375,1815.5125
714.25,1815.75
709.4625,1815.9875
704.675,1816.225
699.8875,1816.4625
695.1,1816.7
690.3125,1816.9375
685.525,1817.175
680.7375,1817.4125
675.95,1817.65
671.1625,1817.8875
666.375,1818.125
661.5875,1818.3625
656.8,1818.6
652.0125,1818.8375
647.225,1819.075
642.4375,1819.3125
637.65,1819.55
632.8625,1819.7875
628.075,1820.025
623.2875,1820.2625
618.5,1820.5
613.7125,1820.7375
608.925,1820.975
604.1375,1821.2125
599.35,1821.45
594.5625,1821.6875
589.775,1821.925
584.9875,1822.1625
580.2,1822.4
575.4125,1822.6375
570.625,1822.875
565.8375,1823.1125
561.05,1823.35
556.2625,1823.5875
551.475,1823.825
546.6875,1824.0625
541.9000000000001,1824.3
537.1125,1824.5375
532.325,1824.775
527.5375,1825.0125
522.75,1825.25
517.9625000000001,1825.4875
513.175,1825.725
508.38750000000005,1825.9625
503.6,1826.2
498.8125,1826.4375
494.02500000000003,1826.675
489.2375,1826.9125
484.45000000000005,1827.15
479.6625,1827.3875
474.875,1827.625
470.08750000000003,1827.8625
465.3,1828.1
460.51250000000005,1828.3375
455.725,1828.575
450.9375,1828.8125
446.15000000000003,1829.05
441.3625,1829.2875
436.57500000000005,1829.525
431.7875,1829.7625
427.0,1830.0
427.1388888888889,1825.1296296296296
427.27777777777777,1820.2592592592594
427.4166666666667,1815.388888888889
427.55555555555554,1810.5185185185185
427.69444444444446,1805.648148148148
427.8333333333333,1800.7777777777778
427.97222222222223,1795.9074074074074
428.1111111111111,1791.037037037037
428.25,1786.1666666666667
428.3888888888889,1781.2962962962963
428.52777777777777,1776.4259259259259
428.6666666666667,1771.5555555555557
428.80555555555554,1766.6851851851852
428.94444444444446,1761.8148148148148
429.0833333333333,1756.9444444444443
429.22222222222223,1752.0740740740741
429.3611111111111,1747.2037037037037
429.5,1742.3333333333333
429.6388888888889,1737.462962962963
429.77777777777777,1732.5925925925926
429.9166666666667,1727.7222222222222
430.05555555555554,1722.8518518518517
430.19444444444446,1717.9814814814815
430.3333333333333,1713.111111111111
430.47222222222223,1708.2407407407406
430.6111111111111,1703.3703703703704
430.75,1698.5
430.8888888888889,1693.6296296296296
431.02777777777777,1688.7592592592594
431.1666666666667,1683.888888888889
431.30555555555554,1679.0185185185185
431.44444444444446,1674.1481481481483
431.5833333333333,1669.2777777777778
431.72222222222223,1664.4074074074074
431.8611111111111,1659.537037037037
432.0,1654.6666666666667
432.1388888888889,1649.7962962962963
432.27777777777777,1644.9259259259259
432.4166666666667,1640.0555555555557
432.55555555555554,1635.1851851851852
432.69444444444446,1630.3148148148148
432.8333333333333,1625.4444444444443
432.97222222222223,1620.5740740740741
433.1111111111111,1615.7037037037037
433.25,1610.8333333333333
433.3888888888889,1605.962962962963
433.52777777777777,1601.0925925925926
433.6666666666667,1596.2222222222222
433.80555555555554,1591.3518518518517
433.94444444444446,1586.4814814814815
434.0833333333333,1581.611111111111
434.22222222222223,1576.7407407407409
434.3611111111111,1571.8703703703704
434.5,1567.0
434.6388888888889,1562.1296296296296
434.77777777777777,1557.2592592592591
434.9166666666667,1552.388888888889
435.05555555555554,1547.5185185185185
435.19444444444446,1542.6481481481483
435.3333333333333,1537.7777777777778
435.47222222222223,1532.9074074074074
435.6111111111111,1528.037037037037
435.75,1523.1666666666667
435.8888888888889,1518.2962962962963
436.02777777777777,1513.4259259259259
436.1666666666667,1508.5555555555557
436.30555555555554,1503.6851851851852
436.44444444444446,1498.8148148148148
436.5833333333333,1493.9444444444443
436.72222222222223,1489.0740740740741
436.8611111111111,1484.2037037037037
437.0,1479.3333333333335
437.1388888888889,1474.462962962963
437.27777777777777,1469.5925925925926
437.4166666666667,1464.7222222222222
437.55555555555554,1459.8518518518517
437.69444444444446,1454.9814814814815
437.8333333333333,1450.111111111111
437.97222222222223,1445.2407407407409
438.1111111111111,1440.3703703703704
438.25,1435.5
438.3888888888889,1430.6296296296296
438.52777777777777,1425.7592592592594
438.6666666666667,1420.888888888889
438.80555555555554,1416.0185185185185
438.94444444444446,1411.1481481481483
439.0833333333333,1406.2777777777778
439.22222222222223,1401.4074074074074
439.3611111111111,1396.537037037037
439.5,1391.6666666666667
439.6388888888889,1386.7962962962963
439.77777777777777,1381.9259259259259
439.9166666666667,1377.0555555555557
440.05555555555554,1372.1851851851852
440.19444444444446,1367.3148148148148
440.3333333333333,1362.4444444444443
440.47222222222223,1357.5740740740741
440.6111111111111,1352.7037037037037
440.75,1347.8333333333335
440.8888888888889,1342.962962962963
441.02777777777777,1338.0925925925926
441.1666666666667,1333.2222222222222
441.30555555555554,1328.3518518518517
441.44444444444446,1323.4814814814815
441.5833333333333,1318.611111111111
441.72222222222223,1313.7407407407409
441.8611111111111,1308.8703703703704
442.0,1304.0
446.8588235294118,1304.1529411764707
451.7176470588235,1304.3058823529411
456.5764705882353,1304.4588235294118
461.43529411764706,1304.6117647058823
466.29411764705884,1304.764705882353
471.15294117647056,1304.9176470588236
476.01176470588234,1305.070588235294
480.8705882352941,1305.2235294117647
485.7294117647059,1305.3764705882354
490.5882352941176,1305.5294117647059
495.4470588235294,1305.6823529411765
500.3058823529412,1305.835294117647
505.1647058823529,1305.9882352941177
510.0235294117647,1306.1411764705883
514.8823529411765,1306.2941176470588
519.7411764705882,1306.4470588235295
524.6,1306.6
529.4588235294118,1306.7529411764706
534.3176470588235,1306.9058823529413
539.1764705882352,1307.0588235294117
544.035294117647,1307.2117647058824
548.8941176470588,1307.3647058823528
553.7529411764706,1307.5176470588235
558.6117647058824,1307.6705882352942
563.4705882352941,1307.8235294117646
568.3294117647058,1307.9764705882353
573.1882352941177,1308.129411764706
578.0470588235294,1308.2823529411764
582.9058823529411,1308.4352941176471
587.7647058823529,1308.5882352941176
592.6235294117647,1308.7411764705882
597.4823529411765,1308.894117647059
602.3411764705882,1309.0470588235294
607.2,1309.2
612.0588235294117,1309.3529411764705
616.9176470588235,1309.5058823529412
621.7764705882353,1309.6588235294118
626.635294117647,1309.8117647058823
631.4941176470588,1309.964705882353
636.3529411764706,1310.1176470588234
641.2117647058824,1310.270588235294
646.070588235294,1310.4235294117648
650.9294117647058,1310.5764705882352
655.7882352941176,1310.729411764706
660.6470588235294,1310.8823529411766
665.5058823529412,1311.035294117647
670.364705882353,1311.1882352941177
675.2235294117647,1311.3411764705882
680.0823529411764,1311.4941176470588
684.9411764705882,1311.6470588235295
689.8,1311.8
694.6588235294117,1311.9529411764706
699.5176470588235,1312.105882352941
704.3764705882353,1312.2588235294118
709.2352941176471,1312.4117647058824
714.0941176470587,1312.5647058823529
718.9529411764706,1312.7176470588236
723.8117647058823,1312.870588235294
728.6705882352941,1313.0235294117647
733.5294117647059,1313.1764705882354
738.3882352941176,1313.3294117647058
743.2470588235294,1313.4823529411765
748.1058823529411,1313.6352941176472
752.964705882353,1313.7882352941176
757.8235294117646,1313.9411764705883
762.6823529411764,1314.0941176470587
767.5411764705882,1314.2470588235294
772.4,1314.4
777.2588235294118,1314.5529411764705
782.1176470588234,1314.7058823529412
786.9764705882353,1314.8588235294117
791.835294117647,1315.0117647058823
796.6941176470589,1315.164705882353
801.5529411764705,1315.3176470588235
806.4117647058823,1315.4705882352941
811.2705882352941,1315.6235294117646
816.1294117647059,1315.7764705882353
820.9882352941177,1315.929411764706
825.8470588235293,1316.0823529411764
830.7058823529412,1316.235294117647
835.5647058823529,1316.3882352941177
840.4235294117647,1316.5411764705882
845.2823529411764,1316.6941176470589
850.1411764705882,1316.8470588235293
855.0,1317.0
854.7291666666666,1321.7395833333333
854.4583333333334,1326.4791666666667
854.1875,1331.21875
853.9166666666666,1335.9583333333333
853.6458333333334,1340.6979166666667
853.375,1345.4375
853.1041666666666,1350.1770833333333
852.8333333333334,1354.9166666666667
852.5625,1359.65625
852.2916666666666,1364.3958333333333
852.0208333333334,1369.1354166666667
851.75,1373.875
851.4791666666666,1378.6145833333333
851.2083333333334,1383.3541666666667
850.9375,1388.09375
850.6666666666666,1392.8333333333333
850.3958333333334,1397.5729166666667
850.125,1402.3125
849.8541666666666,1407.0520833333333
849.5833333333334,1411.7916666666667
849.3125,1416.53125
849.0416666666666,1421.2708333333333
848.7708333333334,1426.0104166666667
848.5,1430.75
848.2291666666666,1435.4895833333333
847.9583333333334,1440.2291666666667
847.6875,1444.96875
847.4166666666666,1449.7083333333333
847.1458333333334,1454.4479166666667
846.875,1459.1875
846.6041666666666,1463.9270833333333
846.3333333333334,1468.6666666666667
846.0625,1473.40625
845.7916666666666,1478.1458333333333
845.5208333333334,1482.8854166666667
845.25,1487.625
844.9791666666666,1492.3645833333333
844.7083333333334,1497.1041666666667
844.4375,1501.84375
844.1666666666666,1506.5833333333333
843.8958333333334,1511.3229166666667
843.625,1516.0625
843.3541666666666,1520.8020833333333
843.0833333333334,1525.5416666666667
842.8125,1530.28125
842.5416666666666,1535.0208333333333
842.2708333333334,1539.7604166666667
842.0,1544.5
841.7291666666666,1549.2395833333333
841.4583333333334,1553.9791666666667
841.1875,1558.71875
840.9166666666666,1563.4583333333333
840.6458333333334,1568.1979166666667
840.375,1572.9375
840.1041666666666,1577.6770833333333
839.8333333333334,1582.4166666666665
839.5625,1587.15625
839.2916666666666,1591.8958333333333
839.0208333333334,1596.6354166666665
838.75,1601.375
838.4791666666666,1606.1145833333333
838.2083333333334,1610.8541666666665
837.9375,1615.59375
837.6666666666666,1620.3333333333333
837.3958333333334,1625.0729166666665
837.125,1629.8125
836.8541666666666,1634.5520833333333
836.5833333333334,1639.2916666666665
836.3125,1644.03125
836.0416666666666,1648.7708333333333
835.7708333333334,1653.5104166666665
835.5,1658.25
835.2291666666666,1662.9895833333333
834.9583333333334,1667.7291666666665
834.6875,1672.46875
834.4166666666666,1677.2083333333333
834.1458333333334,1681.9479166666665
833.875,1686.6875
833.6041666666666,1691.4270833333333
833.3333333333334,1696.1666666666665
833.0625,1700.90625
832.7916666666666,1705.6458333333333
832.5208333333334,1710.3854166666665
832.25,1715.125
831.9791666666666,1719.8645833333333
831.7083333333334,1724.6041666666665
831.4375,1729.34375
831.1666666666666,1734.0833333333333
830.8958333333334,1738.8229166666665
830.625,1743.5625
830.3541666666666,1748.3020833333333
830.0833333333334,1753.0416666666665
829.8125,1757.78125
829.5416666666666,1762.5208333333333
829.2708333333334,1767.2604166666665
829.0,1772.0
833.2926829268292,1772.7560975609756
837.5853658536586,1773.5121951219512
841.8780487804878,1774.2682926829268
846.170731707317,1775.0243902439024
850.4634146341464,1775.780487804878
854.7560975609756,1776.5365853658536
859.0487804878048,1777.2926829268292
863.3414634146342,1778.0487804878048
867.6341463414634,1778.8048780487804
871.9268292682926,1779.560975609756
876.219512195122,1780.3170731707316
880.5121951219512,1781.0731707317073
884.8048780487804,1781.8292682926829
889.0975609756098,1782.5853658536585
893.390243902439,1783.341463414634
897.6829268292684,1784.0975609756097
901.9756097560976,1784.8536585365853
906.2682926829268,1785.6097560975609
910.560975609756,1786.3658536585365
914.8536585365854,1787.121951219512
919.1463414634146,1787.878048780488
923.439024390244,1788.6341463414635
927.7317073170732,1789.3902439024391
932.0243902439024,1790.1463414634147
936.3170731707318,1790.9024390243903
940.609756097561,1791.658536585366
944.9024390243902,1792.4146341463415
949.1951219512196,1793.1707317073171
953.4878048780488,1793.9268292682927
957.780487804878,1794.6829268292684
962.0731707317074,1795.439024390244
966.3658536585366,1796.1951219512196
970.6585365853658,1796.9512195121952
974.9512195121952,1797.7073170731708
979.2439024390244,1798.4634146341464
983.5365853658536,1799.219512195122
987.829268292683,1799.9756097560976
992.1219512195122,1800.7317073170732
996.4146341463415,1801.4878048780488
1000.7073170731708,1802.2439024390244
1005.0,1803.0
1009.2926829268292,1803.7560975609756
1013.5853658536586,1804.5121951219512
1017.8780487804878,1805.2682926829268
1022.1707317073171,1806.0243902439024
1026.4634146341464,1806.780487804878
1030.7560975609756,1807.5365853658536
1035.0487804878048,1808.2926829268292
1039.341463414634,1809.0487804878048
1043.6341463414635,1809.8048780487804
1047.9268292682927,1810.560975609756
1052.219512195122,1811.3170731707316
1056.5121951219512,1812.0731707317073
1060.8048780487804,1812.8292682926829
1065.0975609756097,1813.5853658536585
1069.3902439024391,1814.341463414634
1073.6829268292684,1815.0975609756097
1077.9756097560976,1815.8536585365853
1082.2682926829268,1816.6097560975609
1086.560975609756,1817.3658536585365
1090.8536585365855,1818.121951219512
1095.1463414634147,1818.878048780488
1099.439024390244,1819.6341463414635
1103.7317073170732,1820.3902439024391
1108.0243902439024,1821.1463414634147
1112.3170731707316,1821.9024390243903
1116.6097560975609,1822.658536585366
1120.9024390243903,1823.4146341463415
1125.1951219512196,1824.1707317073171
1129.4878048780488,1824.9268292682927
1133.780487804878,1825.6829268292684
1138.0731707317073,1826.439024390244
1142.3658536585367,1827.1951219512196
1146.658536585366,1827.9512195121952
1150.9512195121952,1828.7073170731708
1155.2439024390244,1829.4634146341464
1159.5365853658536,1830.219512195122
1163.829268292683,1830.9756097560976
1168.121951219512,1831.7317073170732
1172.4146341463415,1832.4878048780488
1176.7073170731708,1833.2439024390244
1181.0,1834.0
1181.1759259259259,1829.1574074074074
1181.351851851852,1824.3148148148148
1181.5277777777778,1819.4722222222222
1181.7037037037037,1814.6296296296296
1181.8796296296296,1809.787037037037
1182.0555555555557,1804.9444444444443
1182.2314814814815,1800.101851851852
1182.4074074074074,1795.2592592592594
1182.5833333333333,1790.4166666666667
1182.7592592592594,1785.5740740740741
1182.9351851851852,1780.7314814814815
1183.111111111111,1775.888888888889
1183.287037037037,1771.0462962962963
1183.462962962963,1766.2037037037037
1183.638888888889,1761.361111111111
1183.8148148148148,1756.5185185185185
1183.9907407407406,1751.6759259259259
1184.1666666666667,1746.8333333333333
1184.3425925925926,1741.9907407407406
1184.5185185185185,1737.1481481481483
1184.6944444444443,1732.3055555555557
1184.8703703703704,1727.462962962963
1185.0462962962963,1722.6203703703704
1185.2222222222222,1717.7777777777778
1185.398148148148,1712.9351851851852
1185.5740740740741,1708.0925925925926
1185.75,1703.25
1185.9259259259259,1698.4074074074074
1186.101851851852,1693.5648148148148
1186.2777777777778,1688.7222222222222
1186.4537037037037,1683.8796296296296
1186.6296296296296,1679.037037037037
1186.8055555555557,1674.1944444444443
1186.9814814814815,1669.3518518518517
1187.1574074074074,1664.5092592592594
1187.3333333333333,1659.6666666666667
1187.5092592592594,1654.8240740740741
1187.6851851851852,1649.9814814814815
1187.861111111111,1645.138888888889
1188.037037037037,1640.2962962962963
1188.212962962963,1635.4537037037037
1188.388888888889,1630.611111111111
1188.5648148148148,1625.7685185185185
1188.7407407407406,1620.9259259259259
1188.9166666666667,1616.0833333333333
1189.0925925925926,1611.2407407407406
1189.2685185185185,1606.3981481481483
1189.4444444444443,1601.5555555555557
1189.6203703703704,1596.712962962963
1189.7962962962963,1591.8703703703704
1189.9722222222222,1587.0277777777778
1190.148148148148,1582.1851851851852
1190.3240740740741,1577.3425925925926
1190.5,1572.5
1190.6759259259259,1567.6574074074074
1190.851851851852,1562.8148148148148
1191.0277777777778,1557.9722222222222
1191.2037037037037,1553.1296296296296
1191.3796296296296,1548.287037037037
1191.5555555555557,1543.4444444444443
1191.7314814814815,1538.6018518518517
1191.9074074074074,1533.7592592592591
1192.0833333333333,1528.9166666666667
1192.2592592592594,1524.0740740740741
1192.4351851851852,1519.2314814814815
1192.611111111111,1514.388888888889
1192.787037037037,1509.5462962962963
1192.962962962963,1504.7037037037037
1193.138888888889,1499.861111111111
1193.3148148148148,1495.0185185185185
1193.4907407407406,1490.1759259259259
1193.6666666666667,1485.3333333333333
1193.8425925925926,1480.4907407407409
1194.0185185185185,1475.6481481481483
1194.1944444444443,1470.8055555555557
1194.3703703703704,1465.962962962963
1194.5462962962963,1461.1203703703704
1194.7222222222222,1456.2777777777778
1194.898148148148,1451.4351851851852
1195.0740740740741,1446.5925925925926
1195.25,1441.75
1195.4259259259259,1436.9074074074074
1195.601851851852,1432.0648148148148
1195.7777777777778,1427.2222222222222
1195.9537037037037,1422.3796296296296
1196.1296296296296,1417.537037037037
1196.3055555555557,1412.6944444444443
1196.4814814814815,1407.8518518518517
1196.6574074074074,1403.0092592592591
1196.8333333333333,1398.1666666666667
1197.0092592592594,1393.3240740740741
1197.1851851851852,1388.4814814814815
1197.361111111111,1383.638888888889
1197.537037037037,1378.7962962962963
1197.712962962963,1373.9537037037037
1197.888888888889,1369.111111111111
1198.0648148148148,1364.2685185185185
1198.2407407407406,1359.4259259259259
1198.4166666666667,1354.5833333333333
1198.5925925925926,1349.7407407407409
1198.7685185185185,1344.8981481481483
1198.9444444444443,1340.0555555555557
1199.1203703703704,1335.212962962963
1199.2962962962963,1330.3703703703704
1199.4722222222222,1325.5277777777778
1199.648148148148,1320.6851851851852
1199.8240740740741,1315.8425925925926
1200.0,1311.0
1197.618947368421,1308.3747368421052
1195.237894736842,1305.7494736842104
1192.8568421052632,1303.124210526316
1190.4757894736842,1300.498947368421
1188.0947368421052,1297.8736842105263
1185.7136842105263,1295.2484210526316
1183.3326315789473,1292.6231578947368
1180.9515789473685,1289.997894736842
1178.5705263157895,1287.3726315789474
1176.1894736842105,1284.7473684210527
1173.8084210526315,1282.122105263158
1171.4273684210527,1279.496842105263
1169.0463157894737,1276.8715789473683
1166.6652631578947,1274.2463157894738
1164.2842105263157,1271.621052631579
1161.9031578947368,1268.9957894736842
1159.522105263158,1266.3705263157894
1157.141052631579,1263.7452631578947
1154.76,1261.12
1152.378947368421,1258.4947368421053
1149.997894736842,1255.8694736842106
1147.6168421052632,1253.2442105263158
1145.2357894736842,1250.618947368421
1142.8547368421052,1247.9936842105262
1140.4736842105262,1245.3684210526317
1138.0926315789475,1242.743157894737
1135.7115789473685,1240.1178947368421
1133.3305263157895,1237.4926315789473
1130.9494736842105,1234.8673684210526
1128.5684210526315,1232.242105263158
1126.1873684210527,1229.6168421052632
1123.8063157894737,1226.9915789473685
1121.4252631578947,1224.3663157894737
1119.0442105263157,1221.741052631579
1116.6631578947367,1219.1157894736841
1114.282105263158,1216.4905263157896
1111.901052631579,1213.8652631578948
1109.52,1211.24
1107.138947368421,1208.6147368421052
1104.757894736842,1205.9894736842105
1102.3768421052632,1203.3642105263157
1099.9957894736842,1200.7389473684211
1097.6147368421052,1198.1136842105263
1095.2336842105262,1195.4884210526316
1092.8526315789475,1192.8631578947368
1090.4715789473685,1190.237894736842
1088.0905263157895,1187.6126315789475
1085.7094736842105,1184.9873684210527
1083.3284210526315,1182.362105263158
1080.9473684210527,1179.7368421052631
1078.5663157894737,1177.1115789473683
1076.1852631578947,1174.4863157894738
1073.8042105263157,1171.861052631579
1071.423157894737,1169.2357894736842
1069.042105263158,1166.6105263157895
1066.661052631579,1163.9852631578947
1064.28,1161.3600000000001
1061.898947368421,1158.7347368421053
1059.5178947368422,1156.1094736842106
1057.1368421052632,1153.4842105263158
1054.7557894736842,1150.858947368421
1052.3747368421052,1148.2336842105262
1049.9936842105262,1145.6084210526317
1047.6126315789475,1142.983157894737
1045.2315789473685,1140.3578947368421
1042.8505263157895,1137.7326315789473
1040.4694736842105,1135.1073684210526
1038.0884210526315,1132.4821052631578
1035.7073684210527,1129.8568421052632
1033.3263157894737,1127.2315789473685
1030.9452631578947,1124.6063157894737
1028.5642105263157,1121.981052631579
1026.1831578947367,1119.3557894736841
1023.802105263158,1116.7305263157896
1021.421052631579,1114.1052631578948
1019.04,1111.48
1016.6589473684211,1108.8547368421052
1014.2778947368421,1106.2294736842105
1011.8968421052632,1103.604210526316
1009.5157894736842,1100.9789473684211
1007.1347368421052,1098.3536842105264
1004.7536842105263,1095.7284210526316
1002.3726315789473,1093.1031578947368
999.9915789473685,1090.477894736842
997.6105263157895,1087.8526315789475
995.2294736842105,1085.2273684210527
992.8484210526316,1082.602105263158
990.4673684210527,1079.9768421052631
988.0863157894737,1077.3515789473684
985.7052631578947,1074.7263157894736
983.3242105263158,1072.101052631579
980.9431578947368,1069.4757894736842
978.562105263158,1066.8505263157895
976.181052631579,1064.2252631578947
973.8,1061.6
971.4189473684211,1058.9747368421054
969.0378947368421,1056.3494736842106
966.6568421052632,1053.7242105263158
964.2757894736842,1051.098947368421
961.8947368421052,1048.4736842105262
959.5136842105263,1045.8484210526317
957.1326315789474,1043.223157894737
954.7515789473684,1040.5978947368421
952.3705263157894,1037.9726315789474
949.9894736842106,1035.3473684210526
947.6084210526316,1032.722105263158
945.2273684210527,1030.0968421052632
942.8463157894737,1027.4715789473685
940.4652631578947,1024.8463157894737
938.0842105263158,1022.2210526315789
935.7031578947369,1019.5957894736842
933.3221052631579,1016.9705263157895
930.9410526315789,1014.3452631578948
928.56,1011.72
926.1789473684211,1009.0947368421052
923.7978947368422,1006.4694736842105
921.4168421052632,1003.8442105263158
919.0357894736842,1001.2189473684211
916.6547368421052,998.5936842105264
914.2736842105263,995.9684210526316
911.8926315789474,993.3431578947368
909.5115789473684,990.7178947368421
907.1305263157894,988.0926315789474
904.7494736842106,985.4673684210527
902.3684210526316,982.8421052631579
899.9873684210527,980.2168421052631
897.6063157894737,977.5915789473684
895.2252631578947,974.9663157894737
892.8442105263158,972.341052631579
890.4631578947369,969.7157894736843
888.0821052631579,967.0905263157895
885.7010526315789,964.4652631578947
883.3199999999999,961.84
880.938947368421,959.2147368421053
878.5578947368422,956.5894736842106
876.1768421052632,953.9642105263158
873.7957894736842,951.338947368421
871.4147368421053,948.7136842105263
869.0336842105263,946.0884210526316
866.6526315789474,943.4631578947369
864.2715789473684,940.8378947368421
861.8905263157894,938.2126315789474
859.5094736842105,935.5873684210526
857.1284210526317,932.9621052631579
854.7473684210527,930.3368421052631
852.3663157894737,927.7115789473685
849.9852631578947,925.0863157894737
847.6042105263158,922.4610526315789
845.2231578947369,919.8357894736841
842.8421052631579,917.2105263157895
840.4610526315789,914.5852631578948
838.0799999999999,911.96
835.698947368421,909.3347368421053
833.3178947368422,906.7094736842105
830.9368421052632,904.0842105263158
828.5557894736842,901.4589473684211
826.1747368421053,898.8336842105264
823.7936842105264,896.2084210526316
821.4126315789474,893.5831578947368
819.0315789473684,890.9578947368421
816.6505263157894,888.3326315789474
814.2694736842105,885.7073684210527
811.8884210526317,883.0821052631579
809.5073684210527,880.4568421052631
807.1263157894737,877.8315789473684
804.7452631578947,875.2063157894737
802.3642105263158,872.581052631579
799.9831578947369,869.9557894736843
797.6021052631579,867.3305263157895
795.2210526315789,864.7052631578947
792.84,862.08
790.458947368421,859.4547368421053
788.0778947368422,856.8294736842106
785.6968421052632,854.2042105263158
783.3157894736842,851.578947368421
780.9347368421053,848.9536842105263
778.5536842105264,846.3284210526316
776.1726315789474,843.7031578947369
773.7915789473684,841.0778947368422
771.4105263157894,838.4526315789474
769.0294736842105,835.8273684210526
766.6484210526316,833.2021052631579
764.2673684210527,830.5768421052632
761.8863157894737,827.9515789473685
759.5052631578948,825.3263157894737
757.1242105263158,822.7010526315789
754.7431578947369,820.0757894736842
752.3621052631579,817.4505263157895
749.9810526315789,814.8252631578948
747.6,812.2
745.2189473684211,809.5747368421053
742.8378947368421,806.9494736842105
740.4568421052631,804.3242105263158
738.0757894736842,801.698947368421
735.6947368421053,799.0736842105264
733.3136842105264,796.4484210526316
730.9326315789474,793.8231578947368
728.5515789473684,791.1978947368422
726.1705263157894,788.5726315789474
723.7894736842105,785.9473684210526
721.4084210526316,783.3221052631579
719.0273684210526,780.6968421052632
716.6463157894736,778.0715789473685
714.2652631578948,775.4463157894737
711.8842105263159,772.8210526315789
709.5031578947369,770.1957894736843
707.1221052631579,767.5705263157895
704.7410526315789,764.9452631578947
702.36,762.32
699.9789473684211,759.6947368421053
697.5978947368421,757.0694736842105
695.2168421052631,754.4442105263158
692.8357894736841,751.818947368421
690.4547368421053,749.1936842105264
688.0736842105264,746.5684210526316
685.6926315789474,743.9431578947368
683.3115789473684,741.3178947368422
680.9305263157895,738.6926315789474
678.5494736842105,736.0673684210526
676.1684210526316,733.4421052631579
673.7873684210526,730.8168421052632
671.4063157894738,728.1915789473685
669.0252631578948,725.5663157894737
666.6442105263158,722.9410526315789
664.2631578947369,720.3157894736843
661.8821052631579,717.6905263157895
659.501052631579,715.0652631578947
657.12,712.44
654.7389473684211,709.8147368421053
652.3578947368421,707.1894736842105
649.9768421052631,704.5642105263158
647.5957894736842,701.938947368421
645.2147368421053,699.3136842105264
642.8336842105264,696.6884210526316
640.4526315789474,694.0631578947368
638.0715789473684,691.4378947368422
635.6905263157895,688.8126315789474
633.3094736842105,686.1873684210526
630.9284210526316,683.562105263158
628.5473684210526,680.9368421052632
626.1663157894737,678.3115789473684
623.7852631578947,675.6863157894737
621.4042105263158,673.061052631579
619.0231578947369,670.4357894736843
616.6421052631579,667.8105263157895
614.261052631579,665.1852631578947
611.88,662.5600000000001
609.4989473684211,659.9347368421053
607.1178947368421,657.3094736842105
604.7368421052631,654.6842105263158
602.3557894736842,652.0589473684211
599.9747368421052,649.4336842105264
597.5936842105264,646.8084210526316
595.2126315789474,644.1831578947368
592.8315789473685,641.5578947368422
590.4505263157895,638.9326315789474
588.0694736842105,636.3073684210526
585.6884210526316,633.682105263158
583.3073684210526,631.0568421052632
580.9263157894737,628.4315789473684
578.5452631578947,625.8063157894737
576.1642105263159,623.181052631579
573.7831578947369,620.5557894736843
571.4021052631579,617.9305263157895
569.021052631579,615.3052631578947
566.64,612.6800000000001
564.2589473684211,610.0547368421053
561.8778947368421,607.4294736842105
559.4968421052632,604.8042105263158
557.1157894736842,602.1789473684211
554.7347368421052,599.5536842105264
552.3536842105264,596.9284210526316
549.9726315789474,594.3031578947368
547.5915789473685,591.6778947368422
545.2105263157895,589.0526315789474
542.8294736842106,586.4273684210526
540.4484210526316,583.802105263158
538.0673684210526,581.1768421052632
535.6863157894737,578.5515789473684
533.3052631578947,575.9263157894737
530.9242105263158,573.301052631579
528.5431578947369,570.6757894736843
526.1621052631579,568.0505263157895
523.781052631579,565.4252631578947
521.4,562.8000000000001
519.0189473684211,560.1747368421053
516.6378947368421,557.5494736842105
514.2568421052632,554.9242105263158
511.8757894736842,552.2989473684211
509.4947368421052,549.6736842105263
507.11368421052634,547.0484210526316
504.73263157894735,544.4231578947368
502.35157894736847,541.7978947368422
499.97052631578947,539.1726315789474
497.5894736842106,536.5473684210526
495.2084210526316,533.922105263158
492.8273684210526,531.2968421052632
490.4463157894737,528.6715789473684
488.0652631578947,526.0463157894737
485.68421052631584,523.421052631579
483.30315789473684,520.7957894736843
480.92210526315796,518.1705263157895
478.54105263157896,515.5452631578947
476.15999999999997,512.9200000000001
473.7789473684211,510.2947368421053
471.3978947368421,507.6694736842105
469.0168421052632,505.04421052631585
466.6357894736842,502.4189473684211
464.25473684210533,499.7936842105263
461.87368421052633,497.16842105263163
459.49263157894734,494.54315789473685
457.11157894736846,491.9178947368422
454.73052631578946,489.2926315789474
452.3494736842106,486.66736842105263
449.9684210526316,484.04210526315796
447.5873684210527,481.4168421052632
445.2063157894737,478.7915789473684
442.8252631578947,476.16631578947374
440.4442105263158,473.54105263157896
438.06315789473683,470.9157894736843
435.68210526315795,468.2905263157895
433.30105263157895,465.66526315789474
430.9200000000001,463.0400000000001
428.5389473684211,460.4147368421053
426.1578947368421,457.7894736842105
423.7768421052632,455.16421052631586
421.3957894736842,452.5389473684211
419.0147368421053,449.9136842105263
416.6336842105263,447.28842105263163
414.25263157894744,444.66315789473686
411.87157894736845,442.0378947368422
409.49052631578945,439.4126315789474
407.10947368421057,436.78736842105263
404.7284210526316,434.16210526315797
402.3473684210527,431.5368421052632
399.9663157894737,428.9115789473684
397.5852631578947,426.28631578947375
395.2042105263158,423.66105263157897
392.8231578947368,421.0357894736842
390.44210526315794,418.4105263157895
388.06105263157895,415.78526315789475
385.68000000000006,413.1600000000001
383.29894736842107,410.5347368421053
380.9178947368421,407.9094736842105
378.5368421052632,405.28421052631586
376.1557894736842,402.6589473684211
373.7747368421053,400.0336842105263
371.3936842105263,397.40842105263164
369.01263157894743,394.78315789473686
366.63157894736844,392.1578947368422
364.25052631578944,389.5326315789474
361.86947368421056,386.90736842105264
359.48842105263157,384.282105263158
357.1073684210527,381.6568421052632
354.7263157894737,379.0315789473684
352.3452631578948,376.40631578947375
349.9642105263158,373.781052631579
347.5831578947368,371.1557894736842
345.20210526315793,368.53052631578953
342.82105263157894,365.90526315789475
340.44000000000005,363.2800000000001
338.05894736842106,360.6547368421053
335.6778947368422,358.02947368421053
333.2968421052632,355.40421052631586
330.9157894736842,352.7789473684211
328.5347368421053,350.1536842105263
326.1536842105263,347.52842105263164
323.7726315789474,344.90315789473686
321.39157894736843,342.2778947368421
319.01052631578955,339.6526315789474
316.62947368421055,337.02736842105264
314.24842105263156,334.402105263158
311.8673684210527,331.7768421052632
309.4863157894737,329.1515789473684
307.1052631578948,326.52631578947376
304.7242105263158,323.901052631579
302.3431578947369,321.2757894736842
299.9621052631579,318.65052631578953
297.5810526315789,316.02526315789476
295.20000000000005,313.4000000000001
292.81894736842105,310.7747368421053
290.43789473684217,308.14947368421053
288.0568421052632,305.52421052631587
285.6757894736843,302.8989473684211
283.2947368421053,300.2736842105263
280.9136842105263,297.64842105263165
278.5326315789474,295.02315789473687
276.1515789473684,292.3978947368421
273.77052631578954,289.7726315789474
271.38947368421054,287.14736842105265
269.00842105263155,284.522105263158
266.62736842105267,281.8968421052632
264.24631578947367,279.2715789473684
261.8652631578948,276.64631578947365
259.4842105263158,274.0210526315791
257.1031578947369,271.3957894736843
254.7221052631579,268.77052631578954
252.34105263157892,266.14526315789476
249.96000000000004,263.52
247.57894736842104,260.8947368421052
245.19789473684216,258.26947368421065
242.81684210526316,255.64421052631587
240.43578947368428,253.0189473684211
238.05473684210529,250.39368421052632
235.6736842105263,247.76842105263154
233.2926315789474,245.143157894737
230.9115789473684,242.5178947368422
228.53052631578953,239.89263157894743
226.14947368421053,237.26736842105265
223.76842105263165,234.64210526315787
221.38736842105266,232.0168421052631
219.00631578947366,229.39157894736854
216.62526315789478,226.76631578947377
214.24421052631578,224.141052631579
211.8631578947369,221.5157894736842
209.4821052631579,218.89052631578943
207.10105263157902,216.26526315789488
204.72000000000003,213.6400000000001
202.33894736842103,211.01473684210532
199.95789473684215,208.38947368421054
197.57684210526315,205.76421052631576
195.19578947368427,203.138947368421
192.81473684210528,200.51368421052643
190.4336842105264,197.88842105263166
188.0526315789474,195.26315789473688
185.6715789473684,192.6378947368421
183.29052631578952,190.01263157894732
180.90947368421052,187.38736842105277
178.52842105263164,184.762105263158
176.14736842105265,182.1368421052632
173.76631578947377,179.51157894736843
171.38526315789477,176.88631578947366
169.00421052631577,174.26105263157888
166.62315789473678,171.63578947368433
164.242105263158,169.01052631578955
161.861052631579,166.38526315789477
159.48000000000002,163.76
157.09894736842102,161.1347368421052
154.71789473684203,158.50947368421066
152.33684210526326,155.88421052631588
149.95578947368426,153.2589473684211
147.57473684210527,150.63368421052633
145.19368421052627,148.00842105263155
142.8126315789475,145.383157894737
140.4315789473685,142.75789473684222
138.0505263157895,140.13263157894744
135.66947368421052,137.50736842105266
133.28842105263152,134.88210526315788
130.90736842105275,132.2568421052631
128.52631578947376,129.63157894736855
126.14526315789476,127.00631578947377
123.76421052631576,124.381052631579
121.38315789473677,121.75578947368422
119.002105263158,119.13052631578944
116.621052631579,116.50526315789489
114.24000000000001,113.88000000000011
111.85894736842101,111.25473684210533
109.47789473684225,108.62947368421055
107.09684210526325,106.00421052631577
104.71578947368425,103.378947368421
102.33473684210526,100.75368421052644
99.95368421052626,98.12842105263167
97.5726315789475,95.50315789473689
95.1915789473685,92.87789473684211
92.8105263157895,90.25263157894733
90.4294736842105,87.62736842105278
88.04842105263151,85.002105263158
85.66736842105274,82.37684210526322
83.28631578947375,79.75157894736844
80.90526315789475,77.12631578947367
78.52421052631576,74.50105263157889
76.14315789473676,71.87578947368434
73.76210526315799,69.25052631578956
71.381052631579,66.62526315789478
