224.0,161.0
224.0759493670886,165.9746835443038
224.15189873417722,170.9493670886076
224.22784810126583,175.9240506329114
224.30379746835442,180.8987341772152
224.37974683544303,185.873417721519
224.45569620253164,190.84810126582278
224.53164556962025,195.82278481012656
224.60759493670886,200.79746835443038
224.68354430379748,205.7721518987342
224.7594936708861,210.74683544303798
224.83544303797467,215.72151898734177
224.91139240506328,220.69620253164555
224.9873417721519,225.67088607594937
225.0632911392405,230.64556962025316
225.13924050632912,235.62025316455697
225.21518987341773,240.59493670886076
225.29113924050634,245.56962025316454
225.36708860759492,250.54430379746836
225.44303797468353,255.51898734177215
225.51898734177215,260.49367088607596
225.59493670886076,265.46835443037975
225.67088607594937,270.44303797468353
225.74683544303798,275.4177215189873
225.8227848101266,280.3924050632911
225.8987341772152,285.36708860759495
225.9746835443038,290.34177215189874
226.0506329113924,295.3164556962025
226.126582278481,300.2911392405063
226.20253164556962,305.2658227848101
226.27848101265823,310.24050632911394
226.35443037974684,315.2151898734177
226.43037974683546,320.1898734177215
226.50632911392404,325.1645569620253
226.58227848101265,330.1392405063291
226.65822784810126,335.11392405063293
226.73417721518987,340.0886075949367
226.81012658227849,345.0632911392405
226.8860759493671,350.0379746835443
226.9620253164557,355.0126582278481
227.0379746835443,359.9873417721519
227.1139240506329,364.96202531645565
227.18987341772151,369.9367088607595
227.26582278481013,374.9113924050633
227.34177215189874,379.88607594936707
227.41772151898735,384.8607594936709
227.49367088607596,389.83544303797464
227.56962025316454,394.8101265822785
227.64556962025316,399.7848101265823
227.72151898734177,404.75949367088606
227.79746835443038,409.7341772151899
227.873417721519,414.70886075949363
227.9493670886076,419.6835443037975
228.0253164556962,424.65822784810126
228.1012658227848,429.63291139240505
228.1772151898734,434.60759493670884
228.25316455696202,439.5822784810126
228.32911392405063,444.55696202531647
228.40506329113924,449.53164556962025
228.48101265822785,454.50632911392404
228.55696202531647,459.4810126582278
228.63291139240505,464.4556962025316
228.70886075949366,469.43037974683546
228.78481012658227,474.40506329113924
228.86075949367088,479.37974683544303
228.9367088607595,484.3544303797468
229.0126582278481,489.3291139240506
229.08860759493672,494.30379746835445
229.16455696202533,499.27848101265823
229.2405063291139,504.253164556962
229.31645569620252,509.2278481012658
229.39240506329114,514.2025316455696
229.46835443037975,519.1772151898734
229.54430379746836,524.1518987341772
229.62025316455697,529.126582278481
229.69620253164558,534.1012658227849
229.77215189873417,539.0759493670886
229.84810126582278,544.0506329113923
229.9240506329114,549.0253164556962
230.0,554.0
229.71428571428572,558.7428571428571
229.42857142857142,563.4857142857143
229.14285714285714,568.2285714285714
228.85714285714286,572.9714285714285
228.57142857142858,577.7142857142857
228.28571428571428,582.4571428571428
228.0,587.2
227.71428571428572,591.9428571428572
227.42857142857142,596.6857142857143
227.14285714285714,601.4285714285714
226.85714285714286,606.1714285714286
226.57142857142858,610.9142857142857
226.28571428571428,615.6571428571428
226.0,620.4
225.71428571428572,625.1428571428571
225.42857142857142,629.8857142857142
225.14285714285714,634.6285714285714
224.85714285714286,639.3714285714286
224.57142857142858,644.1142857142858
224.28571428571428,648.8571428571429
224.0,653.6
223.71428571428572,658.3428571428572
223.42857142857142,663.0857142857143
223.14285714285714,667.8285714285714
222.85714285714286,672.5714285714286
222.57142857142858,677.3142857142857
222.28571428571428,682.0571428571428
222.0,686.8
221.71428571428572,691.5428571428572
221.42857142857142,696.2857142857142
221.14285714285714,701.0285714285715
220.85714285714286,705.7714285714286
220.57142857142858,710.5142857142857
220.28571428571428,715.2571428571429
220.0,720.0
219.71428571428572,724.7428571428571
219.42857142857142,729.4857142857143
219.14285714285714,734.2285714285714
218.85714285714286,738.9714285714285
218.57142857142858,743.7142857142858
218.28571428571428,748.4571428571428
218.0,753.2
217.71428571428572,757.9428571428572
217.42857142857142,762.6857142857143
217.14285714285714,767.4285714285714
216.85714285714286,772.1714285714286
216.57142857142858,776.9142857142857
216.28571428571428,781.6571428571428
216.0,786.4
215.71428571428572,791.1428571428571
215.42857142857142,795.8857142857144
215.14285714285714,800.6285714285714
214.85714285714286,805.3714285714286
214.57142857142858,810.1142857142856
214.28571428571428,814.8571428571429
214.0,819.6
213.71428571428572,824.3428571428572
213.42857142857144,829.0857142857143
213.14285714285714,833.8285714285714
212.85714285714286,838.5714285714286
212.57142857142858,843.3142857142857
212.28571428571428,848.0571428571429
212.0,852.8
211.71428571428572,857.5428571428572
211.42857142857144,862.2857142857142
211.14285714285714,867.0285714285715
210.85714285714286,871.7714285714286
210.57142857142858,876.5142857142857
210.28571428571428,881.2571428571429
210.0,886.0
210.18666666666667,890.8133333333334
210.37333333333333,895.6266666666667
210.56,900.44
210.74666666666667,905.2533333333333
210.93333333333334,910.0666666666667
211.12,914.88
211.30666666666667,919.6933333333334
211.49333333333334,924.5066666666667
211.68,929.32
211.86666666666667,934.1333333333333
212.05333333333334,938.9466666666667
212.24,943.76
212.42666666666668,948.5733333333334
212.61333333333334,953.3866666666667
212.8,958.2
212.98666666666668,963.0133333333333
213.17333333333335,967.8266666666667
213.36,972.64
213.54666666666668,977.4533333333334
213.73333333333332,982.2666666666667
213.92,987.08
214.10666666666665,991.8933333333333
214.29333333333332,996.7066666666667
214.48,1001.52
214.66666666666666,1006.3333333333334
214.85333333333332,1011.1466666666666
215.04,1015.96
215.22666666666666,1020.7733333333333
215.41333333333333,1025.5866666666666
215.6,1030.4
215.78666666666666,1035.2133333333334
215.97333333333333,1040.0266666666666
216.16,1044.84
216.34666666666666,1049.6533333333334
216.53333333333333,1054.4666666666667
216.72,1059.28
216.90666666666667,1064.0933333333332
217.09333333333333,1068.9066666666668
217.28,1073.72
217.46666666666667,1078.5333333333333
217.65333333333334,1083.3466666666666
217.84,1088.16
218.02666666666667,1092.9733333333334
218.21333333333334,1097.7866666666666
218.4,1102.6
218.58666666666667,1107.4133333333334
218.77333333333334,1112.2266666666667
218.96,1117.04
219.14666666666668,1121.8533333333335
219.33333333333334,1126.6666666666667
219.52,1131.48
219.70666666666668,1136.2933333333333
219.89333333333335,1141.1066666666666
220.08,1145.92
220.26666666666668,1150.7333333333333
220.45333333333332,1155.5466666666666
220.64,1160.3600000000001
220.82666666666665,1165.1733333333334
221.01333333333332,1169.9866666666667
221.2,1174.8
221.38666666666666,1179.6133333333332
221.57333333333332,1184.4266666666667
221.76,1189.24
221.94666666666666,1194.0533333333333
222.13333333333333,1198.8666666666668
222.32,1203.68
222.50666666666666,1208.4933333333333
222.69333333333333,1213.3066666666666
222.88,1218.12
223.06666666666666,1222.9333333333334
223.25333333333333,1227.7466666666667
223.44,1232.56
223.62666666666667,1237.3733333333334
223.81333333333333,1242.1866666666667
224.0,1247.0
228.83636363636364,1247.1636363636364
233.6727272727273,1247.3272727272727
238.5090909090909,1247.490909090909
243.34545454545454,1247.6545454545455
248.1818181818182,1247.8181818181818
253.0181818181818,1247.9818181818182
257.8545454545455,1248.1454545454546
262.6909090909091,1248.3090909090909
267.5272727272727,1248.4727272727273
272.3636363636364,1248.6363636363637
277.2,1248.8
282.0363636363636,1248.9636363636364
286.8727272727273,1249.1272727272728
291.7090909090909,1249.290909090909
296.5454545454545,1249.4545454545455
301.3818181818182,1249.6181818181817
306.21818181818185,1249.7818181818182
311.05454545454546,1249.9454545454546
315.8909090909091,1250.1090909090908
320.72727272727275,1250.2727272727273
325.56363636363636,1250.4363636363637
330.4,1250.6
335.23636363636365,1250.7636363636364
340.07272727272726,1250.9272727272728
344.9090909090909,1251.090909090909
349.74545454545455,1251.2545454545455
354.58181818181816,1251.418181818182
359.4181818181818,1251.581818181818
364.25454545454545,1251.7454545454545
369.09090909090907,1251.909090909091
373.9272727272727,1252.0727272727272
378.76363636363635,1252.2363636363636
383.6,1252.4
388.43636363636364,1252.5636363636363
393.27272727272725,1252.7272727272727
398.1090909090909,1252.8909090909092
402.94545454545454,1253.0545454545454
407.78181818181815,1253.2181818181818
412.6181818181818,1253.3818181818183
417.45454545454544,1253.5454545454545
422.29090909090905,1253.709090909091
427.1272727272727,1253.8727272727272
431.96363636363634,1254.0363636363636
436.79999999999995,1254.2
441.6363636363636,1254.3636363636363
446.47272727272724,1254.5272727272727
451.30909090909086,1254.6909090909091
456.1454545454545,1254.8545454545454
460.9818181818182,1255.0181818181818
465.8181818181818,1255.1818181818182
470.6545454545454,1255.3454545454545
475.4909090909091,1255.509090909091
480.3272727272727,1255.6727272727273
485.16363636363633,1255.8363636363636
490.0,1256.0
490.2068965517241,1251.1896551724137
490.41379310344826,1246.3793103448277
490.62068965517244,1241.5689655172414
490.82758620689657,1236.7586206896551
491.0344827586207,1231.948275862069
491.2413793103448,1227.1379310344828
491.44827586206895,1222.3275862068965
491.6551724137931,1217.5172413793102
491.86206896551727,1212.7068965517242
492.0689655172414,1207.896551724138
492.2758620689655,1203.0862068965516
492.48275862068965,1198.2758620689656
492.6896551724138,1193.4655172413793
492.8965517241379,1188.655172413793
493.1034482758621,1183.844827586207
493.3103448275862,1179.0344827586207
493.51724137931035,1174.2241379310344
493.7241379310345,1169.4137931034484
493.9310344827586,1164.603448275862
494.13793103448273,1159.7931034482758
494.3448275862069,1154.9827586206898
494.55172413793105,1150.1724137931035
494.7586206896552,1145.3620689655172
494.9655172413793,1140.551724137931
495.17241379310343,1135.7413793103449
495.37931034482756,1130.9310344827586
495.58620689655174,1126.1206896551723
495.7931034482759,1121.3103448275863
496.0,1116.5
496.2068965517241,1111.6896551724137
496.41379310344826,1106.8793103448277
496.62068965517244,1102.0689655172414
496.82758620689657,1097.2586206896551
497.0344827586207,1092.4482758620688
497.2413793103448,1087.6379310344828
497.44827586206895,1082.8275862068965
497.6551724137931,1078.0172413793102
497.86206896551727,1073.2068965517242
498.0689655172414,1068.396551724138
498.2758620689655,1063.5862068965516
498.48275862068965,1058.7758620689656
498.6896551724138,1053.9655172413793
498.8965517241379,1049.155172413793
499.1034482758621,1044.344827586207
499.3103448275862,1039.5344827586207
499.51724137931035,1034.7241379310344
499.7241379310345,1029.9137931034484
499.9310344827586,1025.103448275862
500.13793103448273,1020.2931034482758
500.3448275862069,1015.4827586206897
500.55172413793105,1010.6724137931035
500.7586206896552,1005.8620689655172
500.9655172413793,1001.051724137931
501.17241379310343,996.2413793103449
501.37931034482756,991.4310344827586
501.58620689655174,986.6206896551723
501.7931034482759,981.8103448275862
502.0,977.0
502.1320754716981,972.0943396226415
502.2641509433962,967.188679245283
502.39622641509436,962.2830188679245
502.52830188679246,957.377358490566
502.66037735849056,952.4716981132076
502.79245283018867,947.566037735849
502.92452830188677,942.6603773584906
503.0566037735849,937.7547169811321
503.188679245283,932.8490566037735
503.3207547169811,927.9433962264151
503.45283018867923,923.0377358490566
503.58490566037733,918.1320754716982
503.7169811320755,913.2264150943396
503.8490566037736,908.3207547169811
503.9811320754717,903.4150943396227
504.1132075471698,898.5094339622642
504.24528301886795,893.6037735849056
504.37735849056605,888.6981132075472
504.50943396226415,883.7924528301887
504.64150943396226,878.8867924528302
504.77358490566036,873.9811320754717
504.9056603773585,869.0754716981132
505.0377358490566,864.1698113207547
505.1698113207547,859.2641509433962
505.3018867924528,854.3584905660377
505.4339622641509,849.4528301886793
505.5660377358491,844.5471698113208
505.6981132075472,839.6415094339623
505.8301886792453,834.7358490566038
505.9622641509434,829.8301886792453
506.0943396226415,824.9245283018868
506.22641509433964,820.0188679245283
506.35849056603774,815.1132075471698
506.49056603773585,810.2075471698113
506.62264150943395,805.3018867924528
506.75471698113205,800.3962264150944
506.8867924528302,795.4905660377358
507.0188679245283,790.5849056603773
507.1509433962264,785.6792452830189
507.2830188679245,780.7735849056604
507.41509433962267,775.867924528302
507.54716981132077,770.9622641509434
507.6792452830189,766.0566037735849
507.811320754717,761.1509433962265
507.9433962264151,756.2452830188679
508.07547169811323,751.3396226415094
508.20754716981133,746.433962264151
508.33962264150944,741.5283018867924
508.47169811320754,736.622641509434
508.60377358490564,731.7169811320755
508.7358490566038,726.811320754717
508.8679245283019,721.9056603773586
509.0,717.0
508.9555555555556,712.0222222222222
508.9111111111111,707.0444444444445
508.8666666666667,702.0666666666667
508.8222222222222,697.0888888888888
508.77777777777777,692.1111111111111
508.73333333333335,687.1333333333333
508.68888888888887,682.1555555555556
508.64444444444445,677.1777777777778
508.6,672.2
508.55555555555554,667.2222222222222
508.5111111111111,662.2444444444444
508.46666666666664,657.2666666666667
508.4222222222222,652.2888888888889
508.3777777777778,647.3111111111111
508.3333333333333,642.3333333333334
508.2888888888889,637.3555555555556
508.24444444444447,632.3777777777777
508.2,627.4
508.15555555555557,622.4222222222222
508.1111111111111,617.4444444444445
508.06666666666666,612.4666666666667
508.02222222222224,607.4888888888888
507.97777777777776,602.5111111111111
507.93333333333334,597.5333333333333
507.8888888888889,592.5555555555555
507.84444444444443,587.5777777777778
507.8,582.6
507.75555555555553,577.6222222222223
507.7111111111111,572.6444444444444
507.6666666666667,567.6666666666666
507.6222222222222,562.6888888888889
507.5777777777778,557.7111111111111
507.53333333333336,552.7333333333333
507.4888888888889,547.7555555555556
507.44444444444446,542.7777777777778
507.4,537.8
507.35555555555555,532.8222222222222
507.31111111111113,527.8444444444444
507.26666666666665,522.8666666666667
507.22222222222223,517.8888888888889
507.1777777777778,512.911111111111
507.1333333333333,507.93333333333334
507.0888888888889,502.9555555555555
507.0444444444444,497.97777777777776
507.0,493.0
506.6727272727273,488.3090909090909
506.3454545454546,483.6181818181818
506.0181818181818,478.92727272727274
505.6909090909091,474.23636363636365
505.3636363636364,469.54545454545456
505.03636363636366,464.8545454545455
504.7090909090909,460.1636363636364
504.3818181818182,455.4727272727273
504.05454545454546,450.7818181818182
503.72727272727275,446.0909090909091
503.4,441.4
503.07272727272726,436.70909090909095
502.74545454545455,432.0181818181818
502.41818181818184,427.3272727272727
502.09090909090907,422.6363636363636
501.76363636363635,417.94545454545454
501.43636363636364,413.25454545454545
501.1090909090909,408.56363636363636
500.7818181818182,403.8727272727273
500.45454545454544,399.1818181818182
500.1272727272727,394.4909090909091
499.8,389.8
499.4727272727273,385.1090909090909
499.1454545454545,380.41818181818184
498.8181818181818,375.72727272727275
498.4909090909091,371.03636363636366
498.1636363636364,366.3454545454546
497.8363636363636,361.6545454545454
497.5090909090909,356.9636363636364
497.1818181818182,352.27272727272725
496.8545454545455,347.5818181818182
496.5272727272727,342.8909090909091
496.2,338.20000000000005
495.8727272727273,333.5090909090909
495.54545454545456,328.81818181818187
495.21818181818185,324.1272727272727
494.8909090909091,319.4363636363637
494.56363636363636,314.74545454545455
494.23636363636365,310.05454545454546
493.90909090909093,305.3636363636364
493.58181818181816,300.6727272727273
493.25454545454545,295.9818181818182
492.92727272727274,291.2909090909091
492.6,286.6
492.27272727272725,281.90909090909093
491.94545454545454,277.21818181818185
491.6181818181818,272.52727272727276
491.2909090909091,267.83636363636367
490.96363636363634,263.1454545454545
490.6363636363636,258.4545454545455
490.3090909090909,253.76363636363638
489.9818181818182,249.0727272727273
489.6545454545454,244.3818181818182
489.3272727272727,239.69090909090912
489.0,235.0
489.77777777777777,230.66666666666666
490.55555555555554,226.33333333333334
491.3333333333333,222.0
492.1111111111111,217.66666666666666
492.8888888888889,213.33333333333334
493.6666666666667,209.0
494.44444444444446,204.66666666666666
495.22222222222223,200.33333333333334
496.0,196.0
496.77777777777777,191.66666666666669
497.55555555555554,187.33333333333334
498.3333333333333,183.0
499.1111111111111,178.66666666666669
499.8888888888889,174.33333333333334
500.6666666666667,170.0
501.44444444444446,165.66666666666669
502.22222222222223,161.33333333333334
503.0,157.0
499.1095890410959,158.12328767123287
495.2191780821918,159.24657534246575
491.32876712328766,160.36986301369862
487.43835616438355,161.4931506849315
483.54794520547944,162.6164383561644
479.6575342465753,163.73972602739727
475.7671232876712,164.86301369863014
471.8767123287671,165.986301369863
467.986301369863,167.1095890410959
464.0958904109589,168.23287671232876
460.2054794520548,169.35616438356163
456.3150684931507,170.47945205479454
452.4246575342466,171.6027397260274
448.5342465753425,172.72602739726028
444.64383561643837,173.84931506849315
440.75342465753425,174.97260273972603
436.86301369863014,176.0958904109589
432.972602739726,177.21917808219177
429.0821917808219,178.34246575342465
425.1917808219178,179.46575342465752
421.3013698630137,180.58904109589042
417.4109589041096,181.7123287671233
413.52054794520546,182.83561643835617
409.63013698630135,183.95890410958904
405.73972602739724,185.08219178082192
401.8493150684932,186.2054794520548
397.95890410958907,187.32876712328766
394.06849315068496,188.45205479452056
390.17808219178085,189.5753424657534
386.28767123287673,190.6986301369863
382.3972602739726,191.82191780821918
378.5068493150685,192.94520547945206
374.6164383561644,194.06849315068493
370.7260273972603,195.1917808219178
366.83561643835617,196.3150684931507
362.94520547945206,197.43835616438355
359.05479452054794,198.56164383561645
355.16438356164383,199.68493150684932
351.2739726027397,200.8082191780822
347.3835616438356,201.93150684931507
343.4931506849315,203.05479452054794
339.6027397260274,204.17808219178082
335.71232876712327,205.3013698630137
331.82191780821915,206.4246575342466
327.93150684931504,207.54794520547944
324.04109589041093,208.67123287671234
320.1506849315068,209.7945205479452
316.2602739726027,210.91780821917808
312.3698630136986,212.04109589041096
308.4794520547945,213.16438356164383
304.5890410958904,214.28767123287673
300.6986301369863,215.41095890410958
296.8082191780822,216.53424657534248
292.9178082191781,217.65753424657535
289.027397260274,218.78082191780823
285.13698630136986,219.9041095890411
281.24657534246575,221.02739726027397
277.35616438356163,222.15068493150685
273.4657534246575,223.27397260273972
269.57534246575347,224.39726027397262
265.68493150684935,225.52054794520546
261.79452054794524,226.64383561643837
257.9041095890411,227.76712328767124
254.013698630137,228.8904109589041
250.12328767123287,230.013698630137
246.2328767123288,231.13698630136986
242.34246575342468,232.26027397260276
238.45205479452056,233.3835616438356
234.56164383561645,234.5068493150685
230.67123287671234,235.63013698630138
226.78082191780823,236.75342465753425
222.8904109589041,237.87671232876713
219.0,239.0
219.05084745762713,243.97457627118644
219.10169491525423,248.94915254237287
219.15254237288136,253.9237288135593
219.20338983050848,258.89830508474574
219.25423728813558,263.8728813559322
219.3050847457627,268.8474576271186
219.35593220338984,273.8220338983051
219.40677966101694,278.79661016949154
219.45762711864407,283.771186440678
219.5084745762712,288.7457627118644
219.5593220338983,293.72033898305085
219.61016949152543,298.6949152542373
219.66101694915255,303.6694915254237
219.71186440677965,308.64406779661016
219.76271186440678,313.6186440677966
219.8135593220339,318.59322033898303
219.864406779661,323.56779661016947
219.91525423728814,328.54237288135596
219.96610169491527,333.51694915254234
220.01694915254237,338.49152542372883
220.0677966101695,343.46610169491527
220.11864406779662,348.4406779661017
220.16949152542372,353.41525423728814
220.22033898305085,358.3898305084746
220.27118644067798,363.364406779661
220.32203389830508,368.33898305084745
220.3728813559322,373.3135593220339
220.42372881355934,378.2881355932203
220.47457627118644,383.2627118644068
220.52542372881356,388.2372881355932
220.57627118644066,393.2118644067797
220.6271186440678,398.18644067796606
220.67796610169492,403.16101694915255
220.72881355932202,408.13559322033893
220.77966101694915,413.1101694915254
220.83050847457628,418.08474576271186
220.88135593220338,423.0593220338983
220.9322033898305,428.03389830508473
220.98305084745763,433.00847457627117
221.03389830508473,437.9830508474576
221.08474576271186,442.95762711864404
221.135593220339,447.93220338983053
221.1864406779661,452.9067796610169
221.23728813559322,457.8813559322034
221.28813559322035,462.8559322033898
221.33898305084745,467.8305084745763
221.38983050847457,472.80508474576266
221.4406779661017,477.77966101694915
221.4915254237288,482.7542372881356
221.54237288135593,487.728813559322
221.59322033898306,492.70338983050846
221.64406779661016,497.6779661016949
221.6949152542373,502.6525423728813
221.74576271186442,507.62711864406776
221.79661016949152,512.6016949152543
221.84745762711864,517.5762711864406
221.89830508474577,522.550847457627
221.94915254237287,527.5254237288136
222.0,532.5
222.05084745762713,537.4745762711864
222.10169491525423,542.4491525423729
222.15254237288136,547.4237288135594
222.20338983050848,552.3983050847457
222.25423728813558,557.3728813559321
222.3050847457627,562.3474576271186
222.35593220338984,567.3220338983051
222.40677966101694,572.2966101694915
222.45762711864407,577.2711864406779
222.5084745762712,582.2457627118644
222.5593220338983,587.2203389830509
222.61016949152543,592.1949152542372
222.66101694915255,597.1694915254237
222.71186440677965,602.1440677966102
222.76271186440678,607.1186440677966
222.8135593220339,612.093220338983
222.864406779661,617.0677966101695
222.91525423728814,622.042372881356
222.96610169491527,627.0169491525423
223.01694915254237,631.9915254237287
223.0677966101695,636.9661016949152
223.11864406779662,641.9406779661017
223.16949152542372,646.9152542372881
223.22033898305085,651.8898305084745
223.27118644067798,656.8644067796611
223.32203389830508,661.8389830508474
223.3728813559322,666.8135593220338
223.42372881355934,671.7881355932203
223.47457627118644,676.7627118644068
223.52542372881356,681.7372881355932
223.5762711864407,686.7118644067796
223.6271186440678,691.6864406779661
223.67796610169492,696.6610169491526
223.72881355932202,701.6355932203389
223.77966101694915,706.6101694915253
223.83050847457628,711.5847457627118
223.88135593220338,716.5593220338983
223.9322033898305,721.5338983050847
223.98305084745763,726.5084745762712
224.03389830508473,731.4830508474577
224.08474576271186,736.457627118644
224.135593220339,741.4322033898304
224.1864406779661,746.4067796610169
224.23728813559322,751.3813559322034
224.28813559322035,756.3559322033898
224.33898305084745,761.3305084745763
224.38983050847457,766.3050847457627
224.4406779661017,771.2796610169491
224.4915254237288,776.2542372881355
224.54237288135593,781.228813559322
224.59322033898306,786.2033898305084
224.64406779661016,791.1779661016949
224.6949152542373,796.1525423728813
224.74576271186442,801.1271186440678
224.79661016949152,806.1016949152541
224.84745762711864,811.0762711864406
224.89830508474577,816.0508474576271
224.94915254237287,821.0254237288135
225.0,826.0
225.08333333333334,830.9285714285714
225.16666666666666,835.8571428571429
225.25,840.7857142857143
225.33333333333334,845.7142857142857
225.41666666666666,850.6428571428571
225.5,855.5714285714286
225.58333333333334,860.5
225.66666666666666,865.4285714285714
225.75,870.3571428571429
225.83333333333334,875.2857142857143
225.91666666666666,880.2142857142857
226.0,885.1428571428571
226.08333333333334,890.0714285714286
226.16666666666666,895.0
226.25,899.9285714285714
226.33333333333334,904.8571428571429
226.41666666666666,909.7857142857143
226.5,914.7142857142858
226.58333333333334,919.6428571428571
226.66666666666666,924.5714285714286
226.75,929.5
226.83333333333334,934.4285714285714
226.91666666666666,939.3571428571429
227.0,944.2857142857143
227.08333333333334,949.2142857142858
227.16666666666666,954.1428571428571
227.25,959.0714285714286
227.33333333333334,964.0
227.41666666666666,968.9285714285714
227.5,973.8571428571429
227.58333333333334,978.7857142857143
227.66666666666666,983.7142857142858
227.75,988.6428571428571
227.83333333333334,993.5714285714286
227.91666666666666,998.5
228.0,1003.4285714285714
228.08333333333334,1008.3571428571429
228.16666666666666,1013.2857142857143
228.25,1018.2142857142858
228.33333333333334,1023.1428571428571
228.41666666666666,1028.0714285714287
228.5,1033.0
228.58333333333334,1037.9285714285716
228.66666666666666,1042.857142857143
228.75,1047.7857142857142
228.83333333333334,1052.7142857142858
228.91666666666666,1057.642857142857
229.0,1062.5714285714287
229.08333333333334,1067.5
229.16666666666666,1072.4285714285716
229.25,1077.357142857143
229.33333333333334,1082.2857142857142
229.41666666666666,1087.2142857142858
229.5,1092.142857142857
229.58333333333334,1097.0714285714287
229.66666666666666,1102.0
229.75,1106.9285714285716
229.83333333333334,1111.857142857143
229.91666666666666,1116.7857142857142
230.0,1121.7142857142858
230.08333333333334,1126.642857142857
230.16666666666666,1131.5714285714287
230.25,1136.5
230.33333333333334,1141.4285714285716
230.41666666666666,1146.357142857143
230.5,1151.2857142857142
230.58333333333334,1156.2142857142858
230.66666666666666,1161.142857142857
230.75,1166.0714285714287
230.83333333333334,1171.0
230.91666666666666,1175.9285714285716
231.0,1180.857142857143
231.08333333333334,1185.7857142857142
231.16666666666666,1190.7142857142858
231.25,1195.642857142857
231.33333333333334,1200.5714285714287
231.41666666666666,1205.5
231.5,1210.4285714285716
231.58333333333334,1215.357142857143
231.66666666666666,1220.2857142857142
231.75,1225.2142857142858
231.83333333333334,1230.142857142857
231.91666666666666,1235.0714285714287
232.0,1240.0
236.87610619469027,1240.1504424778761
241.75221238938053,1240.3008849557523
246.6283185840708,1240.4513274336284
251.50442477876106,1240.6017699115043
256.3805309734513,1240.7522123893805
261.2566371681416,1240.9026548672566
266.1327433628319,1241.0530973451328
271.0088495575221,1241.203539823009
275.88495575221236,1241.353982300885
280.76106194690266,1241.504424778761
285.63716814159295,1241.654867256637
290.5132743362832,1241.8053097345132
295.3893805309734,1241.9557522123894
300.2654867256637,1242.1061946902655
305.141592920354,1242.2566371681417
310.01769911504425,1242.4070796460178
314.8938053097345,1242.5575221238937
319.7699115044248,1242.7079646017698
324.6460176991151,1242.858407079646
329.5221238938053,1243.0088495575221
334.39823008849555,1243.1592920353983
339.27433628318585,1243.3097345132744
344.15044247787614,1243.4601769911505
349.0265486725664,1243.6106194690265
353.9026548672566,1243.7610619469026
358.7787610619469,1243.9115044247787
363.6548672566372,1244.0619469026549
368.53097345132744,1244.212389380531
373.4070796460177,1244.3628318584072
378.283185840708,1244.513274336283
383.15929203539827,1244.6637168141592
388.0353982300885,1244.8141592920354
392.91150442477874,1244.9646017699115
397.78761061946904,1245.1150442477876
402.66371681415933,1245.2654867256638
407.53982300884957,1245.41592920354
412.4159292035398,1245.5663716814158
417.2920353982301,1245.716814159292
422.1681415929204,1245.867256637168
427.04424778761063,1246.0176991150443
431.92035398230087,1246.1681415929204
436.79646017699116,1246.3185840707965
441.67256637168146,1246.4690265486727
446.5486725663717,1246.6194690265486
451.42477876106193,1246.7699115044247
456.3008849557522,1246.9203539823009
461.1769911504425,1247.070796460177
466.05309734513276,1247.2212389380531
470.929203539823,1247.3716814159293
475.8053097345133,1247.5221238938052
480.6814159292036,1247.6725663716813
485.5575221238938,1247.8230088495575
490.43362831858406,1247.9734513274336
495.30973451327435,1248.1238938053098
500.18584070796464,1248.274336283186
505.0619469026549,1248.424778761062
509.9380530973451,1248.575221238938
514.8141592920354,1248.725663716814
519.6902654867257,1248.8761061946902
524.566371681416,1249.0265486725664
529.4424778761062,1249.1769911504425
534.3185840707965,1249.3274336283187
539.1946902654868,1249.4778761061948
544.070796460177,1249.6283185840707
548.9469026548672,1249.7787610619469
553.8230088495575,1249.929203539823
558.6991150442478,1250.0796460176991
563.5752212389381,1250.2300884955753
568.4513274336283,1250.3805309734514
573.3274336283187,1250.5309734513273
578.2035398230089,1250.6814159292035
583.0796460176991,1250.8318584070796
587.9557522123894,1250.9823008849557
592.8318584070796,1251.132743362832
597.70796460177,1251.283185840708
602.5840707964602,1251.4336283185842
607.4601769911504,1251.58407079646
612.3362831858408,1251.7345132743362
617.212389380531,1251.8849557522124
622.0884955752213,1252.0353982300885
626.9646017699115,1252.1858407079646
631.8407079646017,1252.3362831858408
636.7168141592921,1252.486725663717
641.5929203539823,1252.6371681415928
646.4690265486726,1252.787610619469
651.3451327433629,1252.9380530973451
656.2212389380531,1253.0884955752213
661.0973451327434,1253.2389380530974
665.9734513274336,1253.3893805309735
670.8495575221239,1253.5398230088495
675.7256637168142,1253.6902654867256
680.6017699115044,1253.8407079646017
685.4778761061947,1253.9911504424779
690.353982300885,1254.141592920354
695.2300884955753,1254.2920353982302
700.1061946902655,1254.4424778761063
704.9823008849557,1254.5929203539822
709.858407079646,1254.7433628318583
714.7345132743363,1254.8938053097345
719.6106194690266,1255.0442477876106
724.4867256637168,1255.1946902654868
729.3628318584072,1255.345132743363
734.2389380530974,1255.495575221239
739.1150442477876,1255.646017699115
743.9911504424779,1255.796460176991
748.8672566371681,1255.9469026548672
753.7433628318585,1256.0973451327434
758.6194690265487,1256.2477876106195
763.4955752212389,1256.3982300884957
768.3716814159293,1256.5486725663716
773.2477876106195,1256.6991150442477
778.1238938053098,1256.8495575221239
783.0,1257.0
783.0357142857143,1252.017857142857
783.0714285714286,1247.0357142857142
783.1071428571429,1242.0535714285713
783.1428571428571,1237.0714285714287
783.1785714285714,1232.0892857142858
783.2142857142857,1227.107142857143
783.25,1222.125
783.2857142857143,1217.142857142857
783.3214285714286,1212.1607142857142
783.3571428571429,1207.1785714285713
783.3928571428571,1202.1964285714287
783.4285714285714,1197.2142857142858
783.4642857142857,1192.232142857143
783.5,1187.25
783.5357142857143,1182.267857142857
783.5714285714286,1177.2857142857142
783.6071428571429,1172.3035714285713
783.6428571428571,1167.3214285714287
783.6785714285714,1162.3392857142858
783.7142857142857,1157.357142857143
783.75,1152.375
783.7857142857143,1147.392857142857
783.8214285714286,1142.4107142857142
783.8571428571429,1137.4285714285716
783.8928571428571,1132.4464285714287
783.9285714285714,1127.4642857142858
783.9642857142857,1122.482142857143
784.0,1117.5
784.0357142857143,1112.517857142857
784.0714285714286,1107.5357142857142
784.1071428571429,1102.5535714285716
784.1428571428571,1097.5714285714287
784.1785714285714,1092.5892857142858
784.2142857142857,1087.607142857143
784.25,1082.625
784.2857142857143,1077.642857142857
784.3214285714286,1072.6607142857142
784.3571428571429,1067.6785714285716
784.3928571428571,1062.6964285714287
784.4285714285714,1057.7142857142858
784.4642857142857,1052.732142857143
784.5,1047.75
784.5357142857143,1042.767857142857
784.5714285714286,1037.7857142857142
784.6071428571429,1032.8035714285716
784.6428571428571,1027.8214285714287
784.6785714285714,1022.8392857142858
784.7142857142857,1017.8571428571429
784.75,1012.875
784.7857142857143,1007.8928571428571
784.8214285714286,1002.9107142857143
784.8571428571429,997.9285714285714
784.8928571428571,992.9464285714287
784.9285714285714,987.9642857142858
784.9642857142857,982.9821428571429
785.0,978.0
785.0357142857143,973.0178571428571
785.0714285714286,968.0357142857143
785.1071428571429,963.0535714285714
785.1428571428571,958.0714285714287
785.1785714285714,953.0892857142858
785.2142857142857,948.1071428571429
785.25,943.125
785.2857142857143,938.1428571428571
785.3214285714286,933.1607142857143
785.3571428571429,928.1785714285714
785.3928571428571,923.1964285714287
785.4285714285714,918.2142857142858
785.4642857142857,913.2321428571429
785.5,908.25
785.5357142857143,903.2678571428571
785.5714285714286,898.2857142857143
785.6071428571429,893.3035714285714
785.6428571428571,888.3214285714287
785.6785714285714,883.3392857142858
785.7142857142857,878.3571428571429
785.75,873.375
785.7857142857143,868.3928571428571
785.8214285714286,863.4107142857143
785.8571428571429,858.4285714285714
785.8928571428571,853.4464285714287
785.9285714285714,848.4642857142858
785.9642857142857,843.4821428571429
786.0,838.5
786.0357142857143,833.5178571428571
786.0714285714286,828.5357142857143
786.1071428571429,823.5535714285714
786.1428571428571,818.5714285714287
786.1785714285714,813.5892857142858
786.2142857142857,808.6071428571429
786.25,803.625
786.2857142857143,798.6428571428571
786.3214285714286,793.6607142857143
786.3571428571429,788.6785714285714
786.3928571428571,783.6964285714287
786.4285714285714,778.7142857142858
786.4642857142857,773.7321428571429
786.5,768.75
786.5357142857143,763.7678571428571
786.5714285714286,758.7857142857143
786.6071428571429,753.8035714285714
786.6428571428571,748.8214285714287
786.6785714285714,743.8392857142858
786.7142857142857,738.8571428571429
786.75,733.875
786.7857142857143,728.8928571428572
786.8214285714286,723.9107142857143
786.8571428571429,718.9285714285714
786.8928571428571,713.9464285714287
786.9285714285714,708.9642857142858
786.9642857142857,703.9821428571429
787.0,699.0
786.9134615384615,694.0673076923077
786.8269230769231,689.1346153846154
786.7403846153846,684.2019230769231
786.6538461538462,679.2692307692307
786.5673076923077,674.3365384615385
786.4807692307693,669.4038461538462
786.3942307692307,664.4711538461538
786.3076923076923,659.5384615384615
786.2211538461538,654.6057692307693
786.1346153846154,649.6730769230769
786.0480769230769,644.7403846153846
785.9615384615385,639.8076923076923
785.875,634.875
785.7884615384615,629.9423076923077
785.7019230769231,625.0096153846154
785.6153846153846,620.0769230769231
785.5288461538462,615.1442307692307
785.4423076923077,610.2115384615385
785.3557692307693,605.2788461538462
785.2692307692307,600.3461538461538
785.1826923076923,595.4134615384615
785.0961538461538,590.4807692307693
785.0096153846154,585.5480769230769
784.9230769230769,580.6153846153846
784.8365384615385,575.6826923076923
784.75,570.75
784.6634615384615,565.8173076923077
784.5769230769231,560.8846153846154
784.4903846153846,555.9519230769231
784.4038461538462,551.0192307692307
784.3173076923077,546.0865384615385
784.2307692307693,541.1538461538462
784.1442307692307,536.2211538461538
784.0576923076923,531.2884615384615
783.9711538461538,526.3557692307693
783.8846153846154,521.4230769230769
783.7980769230769,516.4903846153846
783.7115384615385,511.5576923076923
783.625,506.625
783.5384615384615,501.69230769230774
783.4519230769231,496.75961538461536
783.3653846153846,491.8269230769231
783.2788461538462,486.8942307692308
783.1923076923077,481.96153846153845
783.1057692307693,477.0288461538462
783.0192307692307,472.09615384615387
782.9326923076923,467.16346153846155
782.8461538461538,462.2307692307692
782.7596153846154,457.2980769230769
782.6730769230769,452.36538461538464
782.5865384615385,447.4326923076923
782.5,442.5
782.4134615384615,437.5673076923077
782.3269230769231,432.6346153846154
782.2403846153846,427.7019230769231
782.1538461538462,422.7692307692308
782.0673076923077,417.83653846153845
781.9807692307693,412.9038461538462
781.8942307692307,407.97115384615387
781.8076923076923,403.03846153846155
781.7211538461538,398.1057692307692
781.6346153846154,393.17307692307696
781.5480769230769,388.24038461538464
781.4615384615385,383.3076923076923
781.375,378.375
781.2884615384615,373.4423076923077
781.2019230769231,368.5096153846154
781.1153846153846,363.5769230769231
781.0288461538462,358.6442307692308
780.9423076923077,353.71153846153845
780.8557692307693,348.7788461538462
780.7692307692307,343.84615384615387
780.6826923076923,338.91346153846155
780.5961538461538,333.9807692307692
780.5096153846154,329.04807692307696
780.4230769230769,324.11538461538464
780.3365384615385,319.1826923076923
780.25,314.25
780.1634615384615,309.31730769230774
780.0769230769231,304.3846153846154
779.9903846153846,299.4519230769231
779.9038461538462,294.5192307692308
779.8173076923077,289.58653846153845
779.7307692307693,284.6538461538462
779.6442307692307,279.72115384615387
779.5576923076923,274.78846153846155
779.4711538461538,269.8557692307692
779.3846153846154,264.92307692307696
779.2980769230769,259.99038461538464
779.2115384615385,255.05769230769232
779.125,250.125
779.0384615384615,245.19230769230774
778.9519230769231,240.25961538461542
778.8653846153846,235.3269230769231
778.7788461538462,230.39423076923077
778.6923076923077,225.46153846153845
778.6057692307693,220.5288461538462
778.5192307692307,215.59615384615387
778.4326923076923,210.66346153846155
778.3461538461538,205.73076923076923
778.2596153846154,200.79807692307696
778.1730769230769,195.86538461538464
778.0865384615385,190.93269230769232
778.0,186.0
773.1666666666666,186.24074074074073
768.3333333333334,186.4814814814815
763.5,186.72222222222223
758.6666666666666,186.96296296296296
753.8333333333334,187.2037037037037
749.0,187.44444444444446
744.1666666666666,187.6851851851852
739.3333333333334,187.92592592592592
734.5,188.16666666666666
729.6666666666666,188.40740740740742
724.8333333333334,188.64814814814815
720.0,188.88888888888889
715.1666666666666,189.12962962962962
710.3333333333334,189.37037037037038
705.5,189.61111111111111
700.6666666666666,189.85185185185185
695.8333333333334,190.09259259259258
691.0,190.33333333333334
686.1666666666666,190.57407407407408
681.3333333333334,190.8148148148148
676.5,191.05555555555554
671.6666666666666,191.2962962962963
666.8333333333334,191.53703703703704
662.0,191.77777777777777
657.1666666666666,192.0185185185185
652.3333333333334,192.25925925925927
647.5,192.5
642.6666666666667,192.74074074074073
637.8333333333334,192.98148148148147
633.0,193.22222222222223
628.1666666666667,193.46296296296296
623.3333333333334,193.7037037037037
618.5,193.94444444444446
613.6666666666667,194.1851851851852
608.8333333333334,194.42592592592592
604.0,194.66666666666666
599.1666666666667,194.90740740740742
594.3333333333334,195.14814814814815
589.5,195.38888888888889
584.6666666666667,195.62962962962962
579.8333333333334,195.87037037037038
575.0,196.11111111111111
570.1666666666667,196.35185185185185
565.3333333333334,196.59259259259258
560.5,196.83333333333334
555.6666666666667,197.07407407407408
550.8333333333334,197.3148148148148
546.0,197.55555555555554
541.1666666666667,197.7962962962963
536.3333333333334,198.03703703703704
531.5,198.27777777777777
526.6666666666667,198.5185185185185
521.8333333333334,198.75925925925927
517.0,199.0
516.6666666666666,203.7008547008547
516.3333333333334,208.4017094017094
516.0,213.1025641025641
515.6666666666666,217.8034188034188
515.3333333333334,222.5042735042735
515.0,227.2051282051282
514.6666666666666,231.9059829059829
514.3333333333334,236.60683760683762
514.0,241.30769230769232
513.6666666666666,246.008547008547
513.3333333333334,250.7094017094017
513.0,255.4102564102564
512.6666666666666,260.1111111111111
512.3333333333334,264.8119658119658
512.0,269.5128205128205
511.6666666666667,274.21367521367523
511.3333333333333,278.9145299145299
511.0,283.61538461538464
510.6666666666667,288.3162393162393
510.3333333333333,293.017094017094
510.0,297.71794871794873
509.6666666666667,302.4188034188034
509.3333333333333,307.11965811965814
509.0,311.8205128205128
508.6666666666667,316.52136752136755
508.3333333333333,321.22222222222223
508.0,325.9230769230769
507.6666666666667,330.62393162393164
507.3333333333333,335.3247863247863
507.0,340.025641025641
506.6666666666667,344.7264957264957
506.3333333333333,349.42735042735046
506.0,354.12820512820514
505.6666666666667,358.8290598290598
505.3333333333333,363.52991452991455
505.0,368.2307692307692
504.6666666666667,372.9316239316239
504.3333333333333,377.63247863247864
504.0,382.33333333333337
503.6666666666667,387.03418803418805
503.3333333333333,391.7350427350427
503.0,396.43589743589746
502.6666666666667,401.13675213675214
502.3333333333333,405.8376068376068
502.0,410.53846153846155
501.6666666666667,415.2393162393163
501.3333333333333,419.94017094017096
501.0,424.64102564102564
500.6666666666667,429.34188034188037
500.3333333333333,434.04273504273505
500.0,438.7435897435897
499.6666666666667,443.44444444444446
499.3333333333333,448.1452991452992
499.0,452.84615384615387
498.6666666666667,457.54700854700855
498.3333333333333,462.2478632478633
498.0,466.94871794871796
497.6666666666667,471.64957264957263
497.3333333333333,476.35042735042737
497.0,481.05128205128204
496.6666666666667,485.7521367521368
496.3333333333333,490.45299145299145
496.0,495.1538461538462
495.6666666666667,499.85470085470087
495.3333333333333,504.55555555555554
495.0,509.2564102564103
494.6666666666667,513.9572649572649
494.3333333333333,518.6581196581196
494.0,523.3589743589744
493.6666666666667,528.0598290598291
493.3333333333333,532.7606837606838
493.0,537.4615384615385
492.6666666666667,542.1623931623932
492.3333333333333,546.8632478632478
492.0,551.5641025641025
491.6666666666667,556.2649572649573
491.3333333333333,560.965811965812
491.0,565.6666666666667
490.6666666666667,570.3675213675214
490.3333333333333,575.0683760683761
490.0,579.7692307692307
489.6666666666667,584.4700854700855
489.3333333333333,589.1709401709402
489.0,593.8717948717949
488.6666666666667,598.5726495726497
488.3333333333333,603.2735042735043
488.0,607.974358974359
487.6666666666667,612.6752136752136
487.3333333333333,617.3760683760684
487.0,622.0769230769231
486.6666666666667,626.7777777777778
486.3333333333333,631.4786324786326
486.0,636.1794871794872
485.6666666666667,640.8803418803419
485.3333333333333,645.5811965811965
485.0,650.2820512820513
484.6666666666667,654.982905982906
484.3333333333333,659.6837606837607
484.0,664.3846153846155
483.6666666666667,669.0854700854701
483.3333333333333,673.7863247863248
483.0,678.4871794871794
482.6666666666667,683.1880341880342
482.3333333333333,687.8888888888889
482.0,692.5897435897436
481.6666666666667,697.2905982905984
481.3333333333333,701.991452991453
481.0,706.6923076923077
480.6666666666667,711.3931623931624
480.3333333333333,716.0940170940171
480.0,720.7948717948718
479.6666666666667,725.4957264957266
479.3333333333333,730.1965811965812
479.0,734.8974358974359
478.6666666666667,739.5982905982906
478.3333333333333,744.2991452991453
478.0,749.0
478.39814814814815,753.6296296296297
478.7962962962963,758.2592592592592
479.19444444444446,762.8888888888889
479.5925925925926,767.5185185185185
479.99074074074076,772.1481481481482
480.3888888888889,776.7777777777778
480.787037037037,781.4074074074074
481.18518518518516,786.0370370370371
481.5833333333333,790.6666666666666
481.98148148148147,795.2962962962963
482.3796296296296,799.9259259259259
482.77777777777777,804.5555555555555
483.1759259259259,809.1851851851852
483.5740740740741,813.8148148148148
483.97222222222223,818.4444444444445
484.3703703703704,823.0740740740741
484.76851851851853,827.7037037037037
485.1666666666667,832.3333333333334
485.56481481481484,836.9629629629629
485.962962962963,841.5925925925926
486.3611111111111,846.2222222222222
486.75925925925924,850.8518518518518
487.1574074074074,855.4814814814815
487.55555555555554,860.1111111111111
487.9537037037037,864.7407407407408
488.35185185185185,869.3703703703704
488.75,874.0
489.14814814814815,878.6296296296296
489.5462962962963,883.2592592592592
489.94444444444446,887.8888888888889
490.3425925925926,892.5185185185185
490.74074074074076,897.1481481481482
491.1388888888889,901.7777777777778
491.537037037037,906.4074074074074
491.93518518518516,911.0370370370371
492.3333333333333,915.6666666666667
492.73148148148147,920.2962962962963
493.1296296296296,924.9259259259259
493.52777777777777,929.5555555555555
493.9259259259259,934.1851851851852
494.3240740740741,938.8148148148148
494.72222222222223,943.4444444444445
495.1203703703704,948.0740740740741
495.51851851851853,952.7037037037037
495.9166666666667,957.3333333333334
496.31481481481484,961.9629629629629
496.71296296296293,966.5925925925926
497.1111111111111,971.2222222222222
497.50925925925924,975.8518518518518
497.9074074074074,980.4814814814815
498.30555555555554,985.1111111111111
498.7037037037037,989.7407407407408
499.10185185185185,994.3703703703704
499.5,999.0
499.89814814814815,1003.6296296296297
500.2962962962963,1008.2592592592592
500.69444444444446,1012.8888888888889
501.0925925925926,1017.5185185185185
501.49074074074076,1022.1481481481482
501.8888888888889,1026.7777777777778
502.28703703703707,1031.4074074074074
502.68518518518516,1036.037037037037
503.0833333333333,1040.6666666666667
503.48148148148147,1045.2962962962963
503.8796296296296,1049.9259259259259
504.27777777777777,1054.5555555555557
504.6759259259259,1059.1851851851852
505.0740740740741,1063.8148148148148
505.47222222222223,1068.4444444444443
505.8703703703704,1073.0740740740741
506.26851851851853,1077.7037037037037
506.6666666666667,1082.3333333333335
507.06481481481484,1086.962962962963
507.46296296296293,1091.5925925925926
507.8611111111111,1096.2222222222222
508.25925925925924,1100.8518518518517
508.6574074074074,1105.4814814814815
509.05555555555554,1110.111111111111
509.4537037037037,1114.7407407407409
509.85185185185185,1119.3703703703704
510.25,1124.0
510.64814814814815,1128.6296296296296
511.0462962962963,1133.2592592592594
511.44444444444446,1137.888888888889
511.8425925925926,1142.5185185185185
512.2407407407408,1147.1481481481483
512.6388888888889,1151.7777777777778
513.0370370370371,1156.4074074074074
513.4351851851852,1161.037037037037
513.8333333333334,1165.6666666666667
514.2314814814815,1170.2962962962963
514.6296296296297,1174.9259259259259
515.0277777777778,1179.5555555555557
515.4259259259259,1184.1851851851852
515.8240740740741,1188.8148148148148
516.2222222222222,1193.4444444444443
516.6203703703703,1198.0740740740741
517.0185185185185,1202.7037037037037
517.4166666666666,1207.3333333333335
517.8148148148148,1211.962962962963
518.2129629629629,1216.5925925925926
518.6111111111111,1221.2222222222222
519.0092592592592,1225.8518518518517
519.4074074074074,1230.4814814814815
519.8055555555555,1235.111111111111
520.2037037037037,1239.7407407407409
520.6018518518518,1244.3703703703704
521.0,1249.0
525.241935483871,1248.241935483871
529.483870967742,1247.483870967742
533.7258064516129,1246.725806451613
537.9677419354839,1245.967741935484
542.2096774193549,1245.2096774193549
546.4516129032259,1244.4516129032259
550.6935483870968,1243.6935483870968
554.9354838709678,1242.9354838709678
559.1774193548387,1242.1774193548388
563.4193548387096,1241.4193548387098
567.6612903225806,1240.6612903225807
571.9032258064516,1239.9032258064517
576.1451612903226,1239.1451612903227
580.3870967741935,1238.3870967741937
584.6290322580645,1237.6290322580646
588.8709677419355,1236.8709677419354
593.1129032258065,1236.1129032258063
597.3548387096774,1235.3548387096773
601.5967741935484,1234.5967741935483
605.8387096774194,1233.8387096774193
610.0806451612904,1233.0806451612902
614.3225806451613,1232.3225806451612
618.5645161290322,1231.5645161290322
622.8064516129032,1230.8064516129032
627.0483870967741,1230.0483870967741
631.2903225806451,1229.2903225806451
635.5322580645161,1228.532258064516
639.7741935483871,1227.774193548387
644.016129032258,1227.016129032258
648.258064516129,1226.258064516129
652.5,1225.5
656.741935483871,1224.741935483871
660.983870967742,1223.983870967742
665.2258064516129,1223.225806451613
669.4677419354839,1222.467741935484
673.7096774193549,1221.7096774193549
677.9516129032259,1220.9516129032259
682.1935483870968,1220.1935483870968
686.4354838709678,1219.4354838709678
690.6774193548388,1218.6774193548388
694.9193548387098,1217.9193548387098
699.1612903225807,1217.1612903225807
703.4032258064516,1216.4032258064517
707.6451612903226,1215.6451612903227
711.8870967741935,1214.8870967741937
716.1290322580645,1214.1290322580646
720.3709677419355,1213.3709677419356
724.6129032258065,1212.6129032258063
728.8548387096774,1211.8548387096773
733.0967741935484,1211.0967741935483
737.3387096774194,1210.3387096774193
741.5806451612904,1209.5806451612902
745.8225806451613,1208.8225806451612
750.0645161290322,1208.0645161290322
754.3064516129032,1207.3064516129032
758.5483870967741,1206.5483870967741
762.7903225806451,1205.7903225806451
767.0322580645161,1205.032258064516
771.2741935483871,1204.274193548387
775.516129032258,1203.516129032258
779.758064516129,1202.758064516129
784.0,1202.0
783.9809523809524,1197.0190476190476
783.9619047619047,1192.0380952380951
783.9428571428572,1187.057142857143
783.9238095238095,1182.0761904761905
783.9047619047619,1177.095238095238
783.8857142857142,1172.1142857142856
783.8666666666667,1167.1333333333334
783.847619047619,1162.152380952381
783.8285714285714,1157.1714285714286
783.8095238095239,1152.1904761904761
783.7904761904762,1147.2095238095237
783.7714285714286,1142.2285714285715
783.7523809523809,1137.247619047619
783.7333333333333,1132.2666666666667
783.7142857142857,1127.2857142857142
783.6952380952381,1122.304761904762
783.6761904761905,1117.3238095238096
783.6571428571428,1112.3428571428572
783.6380952380953,1107.3619047619047
783.6190476190476,1102.3809523809523
783.6,1097.4
783.5809523809523,1092.4190476190477
783.5619047619048,1087.4380952380952
783.5428571428571,1082.4571428571428
783.5238095238095,1077.4761904761904
783.504761904762,1072.4952380952382
783.4857142857143,1067.5142857142857
783.4666666666667,1062.5333333333333
783.447619047619,1057.5523809523809
783.4285714285714,1052.5714285714284
783.4095238095238,1047.5904761904762
783.3904761904762,1042.6095238095238
783.3714285714286,1037.6285714285714
783.3523809523809,1032.6476190476192
783.3333333333334,1027.6666666666667
783.3142857142857,1022.6857142857143
783.2952380952381,1017.7047619047619
783.2761904761904,1012.7238095238095
783.2571428571429,1007.7428571428571
783.2380952380952,1002.7619047619048
783.2190476190476,997.7809523809524
783.2,992.8
783.1809523809524,987.8190476190476
783.1619047619048,982.8380952380952
783.1428571428571,977.8571428571429
783.1238095238095,972.8761904761905
783.1047619047619,967.895238095238
783.0857142857143,962.9142857142857
783.0666666666667,957.9333333333334
783.047619047619,952.952380952381
783.0285714285715,947.9714285714285
783.0095238095238,942.9904761904762
782.9904761904762,938.0095238095238
782.9714285714285,933.0285714285715
782.952380952381,928.047619047619
782.9333333333333,923.0666666666666
782.9142857142857,918.0857142857143
782.8952380952381,913.104761904762
782.8761904761905,908.1238095238095
782.8571428571429,903.1428571428571
782.8380952380952,898.1619047619047
782.8190476190476,893.1809523809524
782.8,888.2
782.7809523809524,883.2190476190476
782.7619047619048,878.2380952380952
782.7428571428571,873.2571428571429
782.7238095238096,868.2761904761905
782.7047619047619,863.2952380952381
782.6857142857143,858.3142857142857
782.6666666666666,853.3333333333333
782.6476190476191,848.3523809523809
782.6285714285714,843.3714285714286
782.6095238095238,838.3904761904762
782.5904761904762,833.4095238095238
782.5714285714286,828.4285714285714
782.552380952381,823.447619047619
782.5333333333333,818.4666666666667
782.5142857142857,813.4857142857143
782.495238095238,808.5047619047618
782.4761904761905,803.5238095238095
782.4571428571429,798.5428571428572
782.4380952380952,793.5619047619048
782.4190476190477,788.5809523809523
782.4,783.6
782.3809523809524,778.6190476190476
782.3619047619047,773.6380952380953
782.3428571428572,768.6571428571428
782.3238095238095,763.6761904761904
782.3047619047619,758.6952380952381
782.2857142857143,753.7142857142858
782.2666666666667,748.7333333333333
782.2476190476191,743.7523809523809
782.2285714285714,738.7714285714285
782.2095238095238,733.7904761904762
782.1904761904761,728.8095238095239
782.1714285714286,723.8285714285714
782.152380952381,718.847619047619
782.1333333333333,713.8666666666667
782.1142857142858,708.8857142857144
782.0952380952381,703.9047619047619
782.0761904761905,698.9238095238095
782.0571428571428,693.9428571428571
782.0380952380953,688.9619047619047
782.0190476190476,683.9809523809524
782.0,679.0
781.9809523809524,674.0190476190476
781.9619047619047,669.0380952380953
781.9428571428572,664.0571428571428
781.9238095238095,659.0761904761905
781.9047619047619,654.0952380952381
781.8857142857142,649.1142857142858
781.8666666666667,644.1333333333333
781.847619047619,639.1523809523809
781.8285714285714,634.1714285714286
781.8095238095239,629.1904761904761
781.7904761904762,624.2095238095238
781.7714285714286,619.2285714285714
781.7523809523809,614.2476190476191
781.7333333333333,609.2666666666667
781.7142857142857,604.2857142857142
781.6952380952381,599.3047619047619
781.6761904761905,594.3238095238095
781.6571428571428,589.3428571428572
781.6380952380953,584.3619047619047
781.6190476190476,579.3809523809524
781.6,574.4
781.5809523809523,569.4190476190477
781.5619047619048,564.4380952380952
781.5428571428571,559.4571428571428
781.5238095238095,554.4761904761905
781.504761904762,549.495238095238
781.4857142857143,544.5142857142857
781.4666666666667,539.5333333333333
781.447619047619,534.552380952381
781.4285714285714,529.5714285714286
781.4095238095238,524.5904761904762
781.3904761904762,519.6095238095238
781.3714285714286,514.6285714285714
781.3523809523809,509.64761904761906
781.3333333333334,504.66666666666663
781.3142857142857,499.6857142857143
781.2952380952381,494.7047619047619
781.2761904761904,489.72380952380956
781.2571428571429,484.74285714285713
781.2380952380952,479.7619047619047
781.2190476190476,474.7809523809524
781.2,469.79999999999995
781.1809523809524,464.81904761904764
781.1619047619048,459.8380952380952
781.1428571428571,454.8571428571429
781.1238095238095,449.87619047619046
781.1047619047619,444.895238095238
781.0857142857143,439.9142857142857
781.0666666666667,434.9333333333333
781.047619047619,429.95238095238096
781.0285714285715,424.97142857142853
781.0095238095238,419.9904761904762
780.9904761904762,415.0095238095238
780.9714285714285,410.02857142857147
780.952380952381,405.04761904761904
780.9333333333333,400.0666666666666
780.9142857142857,395.0857142857143
780.8952380952381,390.10476190476186
780.8761904761905,385.12380952380954
780.8571428571429,380.1428571428571
780.8380952380952,375.1619047619048
780.8190476190476,370.18095238095236
780.8,365.20000000000005
780.7809523809524,360.2190476190476
780.7619047619048,355.2380952380952
780.7428571428571,350.25714285714287
780.7238095238096,345.27619047619044
780.7047619047619,340.2952380952381
780.6857142857143,335.3142857142857
780.6666666666666,330.33333333333337
780.6476190476191,325.35238095238094
780.6285714285714,320.3714285714285
780.6095238095238,315.3904761904762
780.5904761904762,310.40952380952376
780.5714285714286,305.42857142857144
780.552380952381,300.447619047619
780.5333333333333,295.4666666666667
780.5142857142857,290.48571428571427
780.495238095238,285.50476190476184
780.4761904761905,280.5238095238095
780.4571428571429,275.5428571428571
780.4380952380952,270.56190476190477
780.4190476190477,265.58095238095234
780.4,260.6
780.3809523809524,255.6190476190476
780.3619047619047,250.63809523809527
780.3428571428572,245.65714285714284
780.3238095238095,240.6761904761904
780.3047619047619,235.6952380952381
780.2857142857143,230.71428571428567
780.2666666666667,225.73333333333335
780.2476190476191,220.75238095238092
780.2285714285714,215.7714285714286
780.2095238095238,210.79047619047617
780.1904761904761,205.80952380952385
780.1714285714286,200.82857142857142
780.152380952381,195.847619047619
780.1333333333333,190.86666666666667
780.1142857142858,185.88571428571424
780.0952380952381,180.90476190476193
780.0761904761905,175.9238095238095
780.0571428571428,170.94285714285706
780.0380952380953,165.96190476190486
780.0190476190476,160.98095238095243
780.0,156.0
775.0625,156.08035714285714
770.125,156.16071428571428
765.1875,156.24107142857142
760.25,156.32142857142858
755.3125,156.40178571428572
750.375,156.48214285714286
745.4375,156.5625
740.5,156.64285714285714
735.5625,156.72321428571428
730.625,156.80357142857142
725.6875,156.88392857142858
720.75,156.96428571428572
715.8125,157.04464285714286
710.875,157.125
705.9375,157.20535714285714
701.0,157.28571428571428
696.0625,157.36607142857142
691.125,157.44642857142858
686.1875,157.52678571428572
681.25,157.60714285714286
676.3125,157.6875
671.375,157.76785714285714
666.4375,157.84821428571428
661.5,157.92857142857142
656.5625,158.00892857142858
651.625,158.08928571428572
646.6875,158.16964285714286
641.75,158.25
636.8125,158.33035714285714
631.875,158.41071428571428
626.9375,158.49107142857142
622.0,158.57142857142858
617.0625,158.65178571428572
612.125,158.73214285714286
607.1875,158.8125
602.25,158.89285714285714
597.3125,158.97321428571428
592.375,159.05357142857142
587.4375,159.13392857142858
582.5,159.21428571428572
577.5625,159.29464285714286
572.625,159.375
567.6875,159.45535714285714
562.75,159.53571428571428
557.8125,159.61607142857142
552.875,159.69642857142858
547.9375,159.77678571428572
543.0,159.85714285714286
538.0625,159.9375
533.125,160.01785714285714
528.1875,160.09821428571428
523.25,160.17857142857142
518.3125,160.25892857142858
513.375,160.33928571428572
508.4375,160.41964285714286
503.5,160.5
498.5625,160.58035714285714
493.625,160.66071428571428
488.6875,160.74107142857142
483.75,160.82142857142858
478.8125,160.90178571428572
473.875,160.98214285714286
468.9375,161.0625
464.0,161.14285714285714
459.0625,161.22321428571428
454.125,161.30357142857142
449.1875,161.38392857142858
444.25,161.46428571428572
439.3125,161.54464285714286
434.375,161.625
429.4375,161.70535714285714
424.5,161.78571428571428
419.5625,161.86607142857142
414.625,161.94642857142858
409.6875,162.02678571428572
404.75,162.10714285714286
399.8125,162.1875
394.875,162.26785714285714
389.9375,162.34821428571428
385.0,162.42857142857142
380.0625,162.50892857142858
375.125,162.58928571428572
370.1875,162.66964285714286
365.25,162.75
360.3125,162.83035714285714
355.375,162.91071428571428
350.4375,162.99107142857142
345.5,163.07142857142858
340.5625,163.15178571428572
335.625,163.23214285714286
330.6875,163.3125
325.75,163.39285714285714
320.8125,163.47321428571428
315.875,163.55357142857142
310.9375,163.63392857142858
306.0,163.71428571428572
301.0625,163.79464285714286
296.125,163.875
291.1875,163.95535714285714
286.25,164.03571428571428
281.3125,164.11607142857142
276.375,164.19642857142858
271.4375,164.27678571428572
266.5,164.35714285714286
261.5625,164.4375
256.625,164.51785714285714
251.6875,164.59821428571428
246.75,164.67857142857142
241.8125,164.75892857142858
236.875,164.83928571428572
231.9375,164.91964285714286
227.0,165.0
