559.0,1533.0
554.0277777777778,1532.9722222222222
549.0555555555555,1532.9444444444443
544.0833333333334,1532.9166666666667
539.1111111111111,1532.888888888889
534.1388888888889,1532.861111111111
529.1666666666666,1532.8333333333333
524.1944444444445,1532.8055555555557
519.2222222222222,1532.7777777777778
514.25,1532.75
509.27777777777777,1532.7222222222222
504.30555555555554,1532.6944444444443
499.3333333333333,1532.6666666666667
494.3611111111111,1532.638888888889
489.3888888888889,1532.611111111111
484.4166666666667,1532.5833333333333
479.44444444444446,1532.5555555555557
474.47222222222223,1532.5277777777778
469.5,1532.5
464.52777777777777,1532.4722222222222
459.55555555555554,1532.4444444444443
454.5833333333333,1532.4166666666667
449.6111111111111,1532.388888888889
444.6388888888889,1532.361111111111
439.66666666666663,1532.3333333333333
434.69444444444446,1532.3055555555557
429.72222222222223,1532.2777777777778
424.75,1532.25
419.77777777777777,1532.2222222222222
414.80555555555554,1532.1944444444443
409.83333333333337,1532.1666666666667
404.8611111111111,1532.138888888889
399.8888888888889,1532.111111111111
394.91666666666663,1532.0833333333333
389.94444444444446,1532.0555555555557
384.97222222222223,1532.0277777777778
380.0,1532.0
375.02777777777777,1531.9722222222222
370.05555555555554,1531.9444444444443
365.08333333333337,1531.9166666666667
360.1111111111111,1531.888888888889
355.1388888888889,1531.861111111111
350.16666666666663,1531.8333333333333
345.19444444444446,1531.8055555555557
340.22222222222223,1531.7777777777778
335.25,1531.75
330.27777777777777,1531.7222222222222
325.30555555555554,1531.6944444444443
320.3333333333333,1531.6666666666667
315.3611111111111,1531.638888888889
310.3888888888889,1531.611111111111
305.41666666666663,1531.5833333333333
300.44444444444446,1531.5555555555557
295.47222222222223,1531.5277777777778
290.5,1531.5
285.52777777777777,1531.4722222222222
280.55555555555554,1531.4444444444443
275.5833333333333,1531.4166666666667
270.6111111111111,1531.388888888889
265.63888888888886,1531.361111111111
260.6666666666667,1531.3333333333333
255.69444444444446,1531.3055555555557
250.72222222222223,1531.2777777777778
245.75,1531.25
240.77777777777777,1531.2222222222222
235.80555555555554,1531.1944444444443
230.83333333333331,1531.1666666666667
225.8611111111111,1531.138888888889
220.88888888888886,1531.111111111111
215.91666666666669,1531.0833333333333
210.94444444444446,1531.0555555555557
205.97222222222223,1531.0277777777778
201.0,1531.0
200.59420289855072,1526.3623188405797
200.18840579710144,1521.7246376811595
199.7826086956522,1517.0869565217392
199.3768115942029,1512.4492753623188
198.97101449275362,1507.8115942028985
198.56521739130434,1503.1739130434783
198.15942028985506,1498.536231884058
197.7536231884058,1493.8985507246377
197.34782608695653,1489.2608695652175
196.94202898550725,1484.623188405797
196.53623188405797,1479.9855072463768
196.1304347826087,1475.3478260869565
195.7246376811594,1470.7101449275362
195.31884057971016,1466.072463768116
194.91304347826087,1461.4347826086957
194.5072463768116,1456.7971014492753
194.1014492753623,1452.159420289855
193.69565217391303,1447.5217391304348
193.28985507246378,1442.8840579710145
192.8840579710145,1438.2463768115942
192.47826086956522,1433.608695652174
192.07246376811594,1428.9710144927535
191.66666666666666,1424.3333333333333
191.26086956521738,1419.695652173913
190.85507246376812,1415.0579710144928
190.44927536231884,1410.4202898550725
190.04347826086956,1405.7826086956522
189.63768115942028,1401.144927536232
189.231884057971,1396.5072463768115
188.82608695652175,1391.8695652173913
188.42028985507247,1387.231884057971
188.0144927536232,1382.5942028985507
187.6086956521739,1377.9565217391305
187.20289855072463,1373.31884057971
186.79710144927537,1368.6811594202898
186.3913043478261,1364.0434782608695
185.9855072463768,1359.4057971014493
185.57971014492753,1354.768115942029
185.17391304347825,1350.1304347826087
184.768115942029,1345.4927536231885
184.36231884057972,1340.855072463768
183.95652173913044,1336.2173913043478
183.55072463768116,1331.5797101449275
183.14492753623188,1326.9420289855072
182.73913043478262,1322.304347826087
182.33333333333334,1317.6666666666667
181.92753623188406,1313.0289855072465
181.52173913043478,1308.391304347826
181.1159420289855,1303.7536231884058
180.71014492753622,1299.1159420289855
180.30434782608694,1294.4782608695652
179.8985507246377,1289.840579710145
179.4927536231884,1285.2028985507245
179.08695652173913,1280.5652173913043
178.68115942028984,1275.927536231884
178.27536231884056,1271.2898550724638
177.8695652173913,1266.6521739130435
177.46376811594203,1262.0144927536232
177.05797101449275,1257.376811594203
176.65217391304347,1252.7391304347825
176.2463768115942,1248.1014492753623
175.84057971014494,1243.463768115942
175.43478260869566,1238.8260869565217
175.02898550724638,1234.1884057971015
174.6231884057971,1229.550724637681
174.2173913043478,1224.913043478261
173.81159420289856,1220.2753623188405
173.40579710144928,1215.6376811594203
173.0,1211.0
173.0909090909091,1206.090909090909
173.1818181818182,1201.1818181818182
173.27272727272728,1196.2727272727273
173.36363636363637,1191.3636363636363
173.45454545454547,1186.4545454545455
173.54545454545453,1181.5454545454545
173.63636363636363,1176.6363636363637
173.72727272727272,1171.7272727272727
173.8181818181818,1166.8181818181818
173.9090909090909,1161.909090909091
174.0,1157.0
174.0909090909091,1152.090909090909
174.1818181818182,1147.1818181818182
174.27272727272728,1142.2727272727273
174.36363636363637,1137.3636363636363
174.45454545454547,1132.4545454545455
174.54545454545453,1127.5454545454545
174.63636363636363,1122.6363636363637
174.72727272727272,1117.7272727272727
174.8181818181818,1112.8181818181818
174.9090909090909,1107.909090909091
175.0,1103.0
175.0909090909091,1098.090909090909
175.1818181818182,1093.1818181818182
175.27272727272728,1088.2727272727273
175.36363636363637,1083.3636363636363
175.45454545454547,1078.4545454545455
175.54545454545453,1073.5454545454545
175.63636363636363,1068.6363636363635
175.72727272727272,1063.7272727272727
175.8181818181818,1058.8181818181818
175.9090909090909,1053.909090909091
176.0,1049.0
176.0909090909091,1044.090909090909
176.1818181818182,1039.1818181818182
176.27272727272728,1034.2727272727273
176.36363636363637,1029.3636363636365
176.45454545454547,1024.4545454545455
176.54545454545453,1019.5454545454545
176.63636363636363,1014.6363636363636
176.72727272727272,1009.7272727272727
176.8181818181818,1004.8181818181818
176.9090909090909,999.9090909090909
177.0,995.0
177.0909090909091,990.0909090909091
177.1818181818182,985.1818181818182
177.27272727272728,980.2727272727273
177.36363636363637,975.3636363636364
177.45454545454547,970.4545454545455
177.54545454545453,965.5454545454545
177.63636363636363,960.6363636363636
177.72727272727272,955.7272727272727
177.8181818181818,950.8181818181818
177.9090909090909,945.9090909090909
178.0,941.0
178.0909090909091,936.090909090909
178.1818181818182,931.1818181818182
178.27272727272728,926.2727272727273
178.36363636363637,921.3636363636364
178.45454545454547,916.4545454545455
178.54545454545453,911.5454545454545
178.63636363636363,906.6363636363636
178.72727272727272,901.7272727272727
178.8181818181818,896.8181818181818
178.9090909090909,891.9090909090909
179.0,887.0
183.78378378378378,886.7702702702703
188.56756756756758,886.5405405405405
193.35135135135135,886.3108108108108
198.13513513513513,886.081081081081
202.9189189189189,885.8513513513514
207.7027027027027,885.6216216216217
212.48648648648648,885.3918918918919
217.27027027027026,885.1621621621622
222.05405405405406,884.9324324324324
226.83783783783784,884.7027027027027
231.6216216216216,884.472972972973
236.40540540540542,884.2432432432432
241.1891891891892,884.0135135135135
245.97297297297297,883.7837837837837
250.75675675675677,883.5540540540541
255.54054054054055,883.3243243243244
260.3243243243243,883.0945945945946
265.1081081081081,882.8648648648649
269.8918918918919,882.6351351351351
274.6756756756757,882.4054054054054
279.4594594594595,882.1756756756756
284.2432432432432,881.9459459459459
289.02702702702703,881.7162162162163
293.81081081081084,881.4864864864865
298.5945945945946,881.2567567567568
303.3783783783784,881.027027027027
308.1621621621622,880.7972972972973
312.94594594594594,880.5675675675676
317.72972972972974,880.3378378378378
322.51351351351354,880.1081081081081
327.2972972972973,879.8783783783783
332.0810810810811,879.6486486486486
336.8648648648649,879.418918918919
341.64864864864865,879.1891891891892
346.43243243243245,878.9594594594595
351.21621621621625,878.7297297297297
356.0,878.5
360.7837837837838,878.2702702702703
365.5675675675676,878.0405405405405
370.35135135135135,877.8108108108108
375.13513513513516,877.581081081081
379.91891891891896,877.3513513513514
384.7027027027027,877.1216216216217
389.4864864864865,876.8918918918919
394.2702702702703,876.6621621621622
399.05405405405406,876.4324324324324
403.83783783783787,876.2027027027027
408.62162162162167,875.972972972973
413.4054054054054,875.7432432432432
418.1891891891892,875.5135135135135
422.972972972973,875.2837837837837
427.7567567567568,875.0540540540541
432.5405405405406,874.8243243243244
437.3243243243243,874.5945945945946
442.1081081081081,874.3648648648649
446.89189189189193,874.1351351351351
451.6756756756757,873.9054054054054
456.4594594594595,873.6756756756756
461.2432432432433,873.4459459459459
466.02702702702703,873.2162162162163
470.81081081081084,872.9864864864865
475.59459459459464,872.7567567567568
480.3783783783784,872.527027027027
485.1621621621622,872.2972972972973
489.945945945946,872.0675675675676
494.72972972972974,871.8378378378378
499.51351351351354,871.6081081081081
504.29729729729735,871.3783783783783
509.0810810810811,871.1486486486486
513.8648648648649,870.918918918919
518.6486486486488,870.6891891891892
523.4324324324325,870.4594594594595
528.2162162162163,870.2297297297297
533.0,870.0
537.7777777777778,870.2361111111111
542.5555555555555,870.4722222222222
547.3333333333334,870.7083333333334
552.1111111111111,870.9444444444445
556.8888888888889,871.1805555555555
561.6666666666666,871.4166666666666
566.4444444444445,871.6527777777778
571.2222222222222,871.8888888888889
576.0,872.125
580.7777777777778,872.3611111111111
585.5555555555555,872.5972222222222
590.3333333333334,872.8333333333334
595.1111111111111,873.0694444444445
599.8888888888889,873.3055555555555
604.6666666666666,873.5416666666666
609.4444444444445,873.7777777777778
614.2222222222222,874.0138888888889
619.0,874.25
623.7777777777778,874.4861111111111
628.5555555555555,874.7222222222222
633.3333333333334,874.9583333333334
638.1111111111111,875.1944444444445
642.8888888888889,875.4305555555555
647.6666666666666,875.6666666666666
652.4444444444445,875.9027777777778
657.2222222222222,876.1388888888889
662.0,876.375
666.7777777777778,876.6111111111111
671.5555555555555,876.8472222222222
676.3333333333334,877.0833333333334
681.1111111111111,877.3194444444445
685.8888888888889,877.5555555555555
690.6666666666666,877.7916666666666
695.4444444444445,878.0277777777778
700.2222222222222,878.2638888888889
705.0,878.5
709.7777777777778,878.7361111111111
714.5555555555555,878.9722222222222
719.3333333333334,879.2083333333334
724.1111111111111,879.4444444444445
728.8888888888889,879.6805555555555
733.6666666666666,879.9166666666666
738.4444444444445,880.1527777777778
743.2222222222222,880.3888888888889
748.0,880.625
752.7777777777778,880.8611111111111
757.5555555555555,881.0972222222222
762.3333333333333,881.3333333333334
767.1111111111111,881.5694444444445
771.8888888888889,881.8055555555555
776.6666666666666,882.0416666666666
781.4444444444445,882.2777777777778
786.2222222222222,882.5138888888889
791.0,882.75
795.7777777777778,882.9861111111111
800.5555555555555,883.2222222222222
805.3333333333333,883.4583333333334
810.1111111111111,883.6944444444445
814.8888888888889,883.9305555555555
819.6666666666667,884.1666666666666
824.4444444444445,884.4027777777778
829.2222222222222,884.6388888888889
834.0,884.875
838.7777777777778,885.1111111111111
843.5555555555555,885.3472222222222
848.3333333333333,885.5833333333334
853.1111111111111,885.8194444444445
857.8888888888889,886.0555555555555
862.6666666666667,886.2916666666666
867.4444444444445,886.5277777777778
872.2222222222222,886.7638888888889
877.0,887.0
877.5409836065573,891.5081967213115
878.0819672131148,896.016393442623
878.6229508196722,900.5245901639345
879.1639344262295,905.0327868852459
879.7049180327868,909.5409836065573
880.2459016393443,914.0491803278688
880.7868852459017,918.5573770491803
881.327868852459,923.0655737704918
881.8688524590164,927.5737704918033
882.4098360655738,932.0819672131147
882.9508196721312,936.5901639344262
883.4918032786885,941.0983606557377
884.0327868852459,945.6065573770492
884.5737704918033,950.1147540983607
885.1147540983607,954.6229508196722
885.655737704918,959.1311475409836
886.1967213114754,963.639344262295
886.7377049180328,968.1475409836065
887.2786885245902,972.655737704918
887.8196721311475,977.1639344262295
888.360655737705,981.672131147541
888.9016393442623,986.1803278688525
889.4426229508197,990.688524590164
889.983606557377,995.1967213114754
890.5245901639345,999.7049180327868
891.0655737704918,1004.2131147540983
891.6065573770492,1008.7213114754098
892.1475409836065,1013.2295081967213
892.688524590164,1017.7377049180328
893.2295081967213,1022.2459016393443
893.7704918032787,1026.7540983606557
894.311475409836,1031.2622950819673
894.8524590163935,1035.7704918032787
895.3934426229508,1040.27868852459
895.9344262295082,1044.7868852459017
896.4754098360655,1049.295081967213
897.016393442623,1053.8032786885246
897.5573770491803,1058.311475409836
898.0983606557377,1062.8196721311476
898.639344262295,1067.327868852459
899.1803278688525,1071.8360655737706
899.7213114754098,1076.344262295082
900.2622950819672,1080.8524590163934
900.8032786885246,1085.360655737705
901.344262295082,1089.8688524590164
901.8852459016393,1094.377049180328
902.4262295081967,1098.8852459016393
902.9672131147541,1103.3934426229507
903.5081967213115,1107.9016393442623
904.0491803278688,1112.4098360655737
904.5901639344262,1116.9180327868853
905.1311475409836,1121.4262295081967
905.672131147541,1125.9344262295083
906.2131147540983,1130.4426229508197
906.7540983606557,1134.950819672131
907.2950819672132,1139.4590163934427
907.8360655737705,1143.967213114754
908.3770491803278,1148.4754098360656
908.9180327868853,1152.983606557377
909.4590163934427,1157.4918032786886
910.0,1162.0
909.7808219178082,1166.8082191780823
909.5616438356165,1171.6164383561643
909.3424657534247,1176.4246575342465
909.1232876712329,1181.2328767123288
908.9041095890411,1186.041095890411
908.6849315068494,1190.849315068493
908.4657534246576,1195.6575342465753
908.2465753424658,1200.4657534246576
908.027397260274,1205.2739726027398
907.8082191780821,1210.0821917808219
907.5890410958904,1214.890410958904
907.3698630136986,1219.6986301369864
907.1506849315068,1224.5068493150684
906.931506849315,1229.3150684931506
906.7123287671233,1234.123287671233
906.4931506849315,1238.9315068493152
906.2739726027397,1243.7397260273972
906.054794520548,1248.5479452054794
905.8356164383562,1253.3561643835617
905.6164383561644,1258.1643835616437
905.3972602739726,1262.972602739726
905.1780821917808,1267.7808219178082
904.9589041095891,1272.5890410958905
904.7397260273973,1277.3972602739725
904.5205479452055,1282.2054794520548
904.3013698630137,1287.013698630137
904.082191780822,1291.8219178082193
903.8630136986301,1296.6301369863013
903.6438356164383,1301.4383561643835
903.4246575342465,1306.2465753424658
903.2054794520548,1311.054794520548
902.986301369863,1315.86301369863
902.7671232876712,1320.6712328767123
902.5479452054794,1325.4794520547946
902.3287671232877,1330.2876712328766
902.1095890410959,1335.0958904109589
901.8904109589041,1339.9041095890411
901.6712328767123,1344.7123287671234
901.4520547945206,1349.5205479452054
901.2328767123288,1354.3287671232877
901.013698630137,1359.13698630137
900.7945205479452,1363.945205479452
900.5753424657535,1368.7534246575342
900.3561643835617,1373.5616438356165
900.1369863013699,1378.3698630136987
899.917808219178,1383.1780821917807
899.6986301369863,1387.986301369863
899.4794520547945,1392.7945205479452
899.2602739726027,1397.6027397260275
899.0410958904109,1402.4109589041095
898.8219178082192,1407.2191780821918
898.6027397260274,1412.027397260274
898.3835616438356,1416.8356164383563
898.1643835616438,1421.6438356164383
897.945205479452,1426.4520547945206
897.7260273972603,1431.2602739726028
897.5068493150685,1436.0684931506848
897.2876712328767,1440.876712328767
897.068493150685,1445.6849315068494
896.8493150684932,1450.4931506849316
896.6301369863014,1455.3013698630136
896.4109589041096,1460.109589041096
896.1917808219179,1464.9178082191781
895.972602739726,1469.7260273972602
895.7534246575342,1474.5342465753424
895.5342465753424,1479.3424657534247
895.3150684931506,1484.150684931507
895.0958904109589,1488.9589041095892
894.8767123287671,1493.7671232876712
894.6575342465753,1498.5753424657535
894.4383561643835,1503.3835616438355
894.2191780821918,1508.1917808219177
894.0,1513.0
889.1237113402062,1513.1649484536083
884.2474226804123,1513.3298969072166
879.3711340206186,1513.4948453608247
874.4948453608247,1513.659793814433
869.6185567010309,1513.8247422680413
864.7422680412371,1513.9896907216496
859.8659793814433,1514.1546391752577
854.9896907216495,1514.319587628866
850.1134020618557,1514.4845360824743
845.2371134020618,1514.6494845360826
840.360824742268,1514.8144329896907
835.4845360824743,1514.979381443299
830.6082474226804,1515.1443298969073
825.7319587628866,1515.3092783505156
820.8556701030927,1515.4742268041236
815.979381443299,1515.639175257732
811.1030927835052,1515.8041237113403
806.2268041237113,1515.9690721649486
801.3505154639175,1516.1340206185566
796.4742268041236,1516.298969072165
791.5979381443299,1516.4639175257732
786.7216494845361,1516.6288659793815
781.8453608247422,1516.7938144329896
776.9690721649484,1516.958762886598
772.0927835051547,1517.1237113402062
767.2164948453608,1517.2886597938145
762.340206185567,1517.4536082474226
757.4639175257732,1517.618556701031
752.5876288659794,1517.7835051546392
747.7113402061856,1517.9484536082475
742.8350515463917,1518.1134020618556
737.9587628865979,1518.278350515464
733.0824742268042,1518.4432989690722
728.2061855670103,1518.6082474226805
723.3298969072165,1518.7731958762886
718.4536082474226,1518.9381443298969
713.5773195876288,1519.1030927835052
708.7010309278351,1519.2680412371135
703.8247422680413,1519.4329896907216
698.9484536082474,1519.5979381443299
694.0721649484535,1519.7628865979382
689.1958762886597,1519.9278350515465
684.319587628866,1520.0927835051546
679.4432989690722,1520.2577319587629
674.5670103092783,1520.4226804123712
669.6907216494845,1520.5876288659795
664.8144329896907,1520.7525773195875
659.9381443298969,1520.9175257731958
655.0618556701031,1521.0824742268042
650.1855670103092,1521.2474226804125
645.3092783505155,1521.4123711340205
640.4329896907216,1521.5773195876288
635.5567010309278,1521.7422680412371
630.680412371134,1521.9072164948454
625.8041237113403,1522.0721649484535
620.9278350515464,1522.2371134020618
616.0515463917525,1522.4020618556701
611.1752577319587,1522.5670103092784
606.2989690721649,1522.7319587628865
601.4226804123712,1522.8969072164948
596.5463917525773,1523.0618556701031
591.6701030927835,1523.2268041237114
586.7938144329896,1523.3917525773195
581.9175257731958,1523.5567010309278
577.0412371134021,1523.721649484536
572.1649484536082,1523.8865979381444
567.2886597938144,1524.0515463917525
562.4123711340205,1524.2164948453608
557.5360824742268,1524.381443298969
552.659793814433,1524.5463917525774
547.7835051546392,1524.7113402061855
542.9072164948453,1524.8762886597938
538.0309278350514,1525.041237113402
533.1546391752577,1525.2061855670104
528.2783505154639,1525.3711340206185
523.4020618556701,1525.5360824742268
518.5257731958762,1525.701030927835
513.6494845360825,1525.8659793814434
508.77319587628864,1526.0309278350514
503.8969072164948,1526.1958762886597
499.020618556701,1526.360824742268
494.14432989690715,1526.5257731958764
489.2680412371134,1526.6907216494844
484.39175257731955,1526.8556701030927
479.5154639175257,1527.020618556701
474.63917525773195,1527.1855670103093
469.7628865979381,1527.3505154639174
464.8865979381443,1527.5154639175257
460.01030927835046,1527.680412371134
455.13402061855663,1527.8453608247423
450.25773195876286,1528.0103092783504
445.38144329896903,1528.1752577319587
440.5051546391752,1528.340206185567
435.62886597938143,1528.5051546391753
430.7525773195876,1528.6701030927834
425.8762886597938,1528.8350515463917
421.0,1529.0
417.17910447761193,1527.7611940298507
413.35820895522386,1526.5223880597016
409.53731343283584,1525.2835820895523
405.7164179104478,1524.044776119403
401.8955223880597,1522.8059701492537
398.07462686567163,1521.5671641791046
394.25373134328356,1520.3283582089553
390.43283582089555,1519.089552238806
386.6119402985075,1517.8507462686566
382.7910447761194,1516.6119402985075
378.97014925373134,1515.3731343283582
375.14925373134326,1514.134328358209
371.32835820895525,1512.8955223880596
367.5074626865672,1511.6567164179105
363.6865671641791,1510.4179104477612
359.86567164179104,1509.1791044776119
356.04477611940297,1507.9402985074628
352.22388059701495,1506.7014925373135
348.4029850746269,1505.4626865671642
344.5820895522388,1504.2238805970148
340.76119402985074,1502.9850746268658
336.94029850746267,1501.7462686567164
333.11940298507466,1500.5074626865671
329.2985074626866,1499.2686567164178
325.4776119402985,1498.0298507462687
321.65671641791045,1496.7910447761194
317.8358208955224,1495.55223880597
314.01492537313436,1494.313432835821
310.1940298507463,1493.0746268656717
306.3731343283582,1491.8358208955224
302.55223880597015,1490.597014925373
298.7313432835821,1489.358208955224
294.91044776119406,1488.1194029850747
291.08955223880594,1486.8805970149253
287.2686567164179,1485.641791044776
283.44776119402985,1484.402985074627
279.6268656716418,1483.1641791044776
275.80597014925377,1481.9253731343283
271.98507462686564,1480.686567164179
268.1641791044776,1479.44776119403
264.34328358208955,1478.2089552238806
260.5223880597015,1476.9701492537313
256.70149253731347,1475.7313432835822
252.88059701492537,1474.4925373134329
249.05970149253733,1473.2537313432836
245.23880597014926,1472.0149253731342
241.4179104477612,1470.7761194029852
237.59701492537314,1469.5373134328358
233.77611940298507,1468.2985074626865
229.95522388059703,1467.0597014925372
226.13432835820896,1465.8208955223881
222.3134328358209,1464.5820895522388
218.49253731343285,1463.3432835820895
214.67164179104478,1462.1044776119402
210.8507462686567,1460.865671641791
207.02985074626866,1459.6268656716418
203.2089552238806,1458.3880597014925
199.38805970149255,1457.1492537313434
195.56716417910448,1455.910447761194
191.7462686567164,1454.6716417910447
187.92537313432837,1453.4328358208954
184.1044776119403,1452.1940298507463
180.28358208955225,1450.955223880597
176.46268656716418,1449.7164179104477
172.6417910447761,1448.4776119402984
168.82089552238807,1447.2388059701493
165.0,1446.0
165.4102564102564,1441.371794871795
165.82051282051282,1436.7435897435898
166.23076923076923,1432.1153846153845
166.64102564102564,1427.4871794871794
167.05128205128204,1422.8589743589744
167.46153846153845,1418.2307692307693
167.87179487179486,1413.6025641025642
168.28205128205127,1408.974358974359
168.69230769230768,1404.3461538461538
169.1025641025641,1399.7179487179487
169.51282051282053,1395.0897435897436
169.92307692307693,1390.4615384615386
170.33333333333334,1385.8333333333333
170.74358974358975,1381.2051282051282
171.15384615384616,1376.576923076923
171.56410256410257,1371.948717948718
171.97435897435898,1367.3205128205127
172.3846153846154,1362.6923076923076
172.7948717948718,1358.0641025641025
173.2051282051282,1353.4358974358975
173.6153846153846,1348.8076923076924
174.02564102564102,1344.179487179487
174.43589743589743,1339.551282051282
174.84615384615384,1334.923076923077
175.25641025641025,1330.2948717948718
175.66666666666666,1325.6666666666667
176.07692307692307,1321.0384615384614
176.48717948717947,1316.4102564102564
176.8974358974359,1311.7820512820513
177.30769230769232,1307.1538461538462
177.71794871794873,1302.525641025641
178.12820512820514,1297.8974358974358
178.53846153846155,1293.2692307692307
178.94871794871796,1288.6410256410256
179.35897435897436,1284.0128205128206
179.76923076923077,1279.3846153846152
180.17948717948718,1274.7564102564102
180.5897435897436,1270.128205128205
181.0,1265.5
181.4102564102564,1260.871794871795
181.82051282051282,1256.2435897435898
182.23076923076923,1251.6153846153845
182.64102564102564,1246.9871794871794
183.05128205128204,1242.3589743589744
183.46153846153845,1237.7307692307693
183.87179487179486,1233.102564102564
184.28205128205127,1228.474358974359
184.69230769230768,1223.8461538461538
185.1025641025641,1219.2179487179487
185.5128205128205,1214.5897435897436
185.92307692307693,1209.9615384615386
186.33333333333334,1205.3333333333333
186.74358974358975,1200.7051282051282
187.15384615384616,1196.076923076923
187.56410256410257,1191.448717948718
187.97435897435898,1186.8205128205127
188.3846153846154,1182.1923076923076
188.7948717948718,1177.5641025641025
189.2051282051282,1172.9358974358975
189.6153846153846,1168.3076923076924
190.02564102564102,1163.679487179487
190.43589743589743,1159.051282051282
190.84615384615384,1154.423076923077
191.25641025641025,1149.7948717948718
191.66666666666666,1145.1666666666665
192.07692307692307,1140.5384615384614
192.48717948717947,1135.9102564102564
192.8974358974359,1131.2820512820513
193.30769230769232,1126.6538461538462
193.71794871794873,1122.025641025641
194.12820512820514,1117.3974358974358
194.53846153846155,1112.7692307692307
194.94871794871796,1108.1410256410256
195.35897435897436,1103.5128205128206
195.76923076923077,1098.8846153846152
196.17948717948718,1094.2564102564102
196.5897435897436,1089.628205128205
197.0,1085.0
197.09782608695653,1080.0978260869565
197.19565217391303,1075.195652173913
197.29347826086956,1070.2934782608695
197.3913043478261,1065.391304347826
197.4891304347826,1060.4891304347825
197.58695652173913,1055.5869565217392
197.68478260869566,1050.6847826086957
197.7826086956522,1045.7826086956522
197.8804347826087,1040.8804347826087
197.97826086956522,1035.9782608695652
198.07608695652175,1031.0760869565217
198.17391304347825,1026.1739130434783
198.27173913043478,1021.2717391304348
198.3695652173913,1016.3695652173913
198.4673913043478,1011.4673913043479
198.56521739130434,1006.5652173913044
198.66304347826087,1001.6630434782609
198.7608695652174,996.7608695652174
198.8586956521739,991.8586956521739
198.95652173913044,986.9565217391305
199.05434782608697,982.054347826087
199.15217391304347,977.1521739130435
199.25,972.25
199.34782608695653,967.3478260869565
199.44565217391303,962.445652173913
199.54347826086956,957.5434782608695
199.6413043478261,952.6413043478261
199.7391304347826,947.7391304347826
199.83695652173913,942.8369565217391
199.93478260869566,937.9347826086956
200.0326086956522,933.0326086956521
200.1304347826087,928.1304347826087
200.22826086956522,923.2282608695652
200.32608695652175,918.3260869565217
200.42391304347825,913.4239130434783
200.52173913043478,908.5217391304348
200.6195652173913,903.6195652173913
200.7173913043478,898.7173913043478
200.81521739130434,893.8152173913044
200.91304347826087,888.9130434782609
201.0108695652174,884.0108695652174
201.1086956521739,879.1086956521739
201.20652173913044,874.2065217391305
201.30434782608697,869.304347826087
201.40217391304347,864.4021739130435
201.5,859.5
201.59782608695653,854.5978260869565
201.69565217391303,849.695652173913
201.79347826086956,844.7934782608695
201.8913043478261,839.891304347826
201.98913043478262,834.9891304347826
202.08695652173913,830.0869565217391
202.18478260869566,825.1847826086956
202.2826086956522,820.2826086956522
202.3804347826087,815.3804347826087
202.47826086956522,810.4782608695652
202.57608695652175,805.5760869565217
202.67391304347825,800.6739130434783
202.77173913043478,795.7717391304348
202.8695652173913,790.8695652173913
202.9673913043478,785.9673913043478
203.06521739130434,781.0652173913043
203.16304347826087,776.1630434782609
203.2608695652174,771.2608695652174
203.3586956521739,766.3586956521739
203.45652173913044,761.4565217391305
203.55434782608697,756.554347826087
203.65217391304347,751.6521739130435
203.75,746.75
203.84782608695653,741.8478260869565
203.94565217391303,736.945652173913
204.04347826086956,732.0434782608695
204.1413043478261,727.141304347826
204.23913043478262,722.2391304347825
204.33695652173913,717.3369565217391
204.43478260869566,712.4347826086956
204.5326086956522,707.5326086956521
204.6304347826087,702.6304347826087
204.72826086956522,697.7282608695652
204.82608695652175,692.8260869565217
204.92391304347825,687.9239130434783
205.02173913043478,683.0217391304348
205.1195652173913,678.1195652173913
205.2173913043478,673.2173913043478
205.31521739130434,668.3152173913043
205.41304347826087,663.4130434782609
205.5108695652174,658.5108695652174
205.6086956521739,653.6086956521739
205.70652173913044,648.7065217391305
205.80434782608697,643.804347826087
205.90217391304347,638.9021739130435
206.0,634.0
207.5,630.4807692307693
209.0,626.9615384615385
210.5,623.4423076923077
212.0,619.9230769230769
213.5,616.4038461538462
215.0,612.8846153846154
216.5,609.3653846153846
218.0,605.8461538461538
219.5,602.3269230769231
221.0,598.8076923076923
222.5,595.2884615384615
224.0,591.7692307692307
225.5,588.25
227.0,584.7307692307693
228.5,581.2115384615385
230.0,577.6923076923077
231.5,574.1730769230769
233.0,570.6538461538462
234.5,567.1346153846154
236.0,563.6153846153846
237.5,560.0961538461538
239.0,556.5769230769231
240.5,553.0576923076923
242.0,549.5384615384615
243.5,546.0192307692307
245.0,542.5
246.5,538.9807692307693
248.0,535.4615384615385
249.5,531.9423076923077
251.0,528.4230769230769
252.5,524.9038461538462
254.0,521.3846153846154
255.5,517.8653846153846
257.0,514.3461538461538
258.5,510.8269230769231
260.0,507.3076923076923
261.5,503.78846153846155
263.0,500.2692307692308
264.5,496.75
266.0,493.2307692307692
267.5,489.71153846153845
269.0,486.19230769230774
270.5,482.6730769230769
272.0,479.1538461538462
273.5,475.63461538461536
275.0,472.11538461538464
276.5,468.5961538461538
278.0,465.0769230769231
279.5,461.5576923076923
281.0,458.03846153846155
282.5,454.5192307692308
284.0,451.0
288.8723404255319,451.17021276595744
293.74468085106383,451.3404255319149
298.6170212765957,451.51063829787233
303.48936170212767,451.6808510638298
308.36170212765956,451.8510638297872
313.2340425531915,452.02127659574467
318.1063829787234,452.1914893617021
322.97872340425533,452.36170212765956
327.8510638297872,452.531914893617
332.72340425531917,452.70212765957444
337.59574468085106,452.8723404255319
342.468085106383,453.0425531914894
347.3404255319149,453.21276595744683
352.2127659574468,453.3829787234043
357.0851063829787,453.5531914893617
361.95744680851067,453.72340425531917
366.82978723404256,453.8936170212766
371.70212765957444,454.06382978723406
376.5744680851064,454.2340425531915
381.44680851063833,454.40425531914894
386.3191489361702,454.5744680851064
391.1914893617021,454.74468085106383
396.06382978723406,454.9148936170213
400.93617021276594,455.0851063829787
405.8085106382979,455.25531914893617
410.6808510638298,455.4255319148936
415.55319148936167,455.59574468085106
420.4255319148936,455.7659574468085
425.29787234042556,455.93617021276594
430.17021276595744,456.1063829787234
435.04255319148933,456.27659574468083
439.9148936170213,456.4468085106383
444.7872340425532,456.6170212765957
449.6595744680851,456.78723404255317
454.531914893617,456.9574468085106
459.40425531914894,457.1276595744681
464.2765957446809,457.29787234042556
469.1489361702128,457.468085106383
474.02127659574467,457.63829787234044
478.8936170212766,457.8085106382979
483.7659574468085,457.97872340425533
488.63829787234044,458.1489361702128
493.51063829787233,458.3191489361702
498.3829787234042,458.48936170212767
503.25531914893617,458.6595744680851
508.1276595744681,458.82978723404256
513.0,459.0
517.5964912280701,459.42105263157896
522.1929824561404,459.8421052631579
526.7894736842105,460.2631578947368
531.3859649122807,460.6842105263158
535.9824561403509,461.10526315789474
540.578947368421,461.5263157894737
545.1754385964912,461.94736842105266
549.7719298245614,462.36842105263156
554.3684210526316,462.7894736842105
558.9649122807018,463.2105263157895
563.561403508772,463.63157894736844
568.1578947368421,464.05263157894734
572.7543859649123,464.4736842105263
577.3508771929825,464.89473684210526
581.9473684210526,465.3157894736842
586.5438596491229,465.7368421052632
591.140350877193,466.1578947368421
595.7368421052631,466.57894736842104
600.3333333333334,467.0
604.9298245614035,467.42105263157896
609.5263157894736,467.8421052631579
614.1228070175439,468.2631578947368
618.719298245614,468.6842105263158
623.3157894736842,469.10526315789474
627.9122807017544,469.5263157894737
632.5087719298245,469.9473684210526
637.1052631578948,470.36842105263156
641.7017543859649,470.7894736842105
646.2982456140351,471.2105263157895
650.8947368421052,471.63157894736844
655.4912280701755,472.05263157894734
660.0877192982456,472.4736842105263
664.6842105263158,472.89473684210526
669.280701754386,473.3157894736842
673.8771929824561,473.7368421052632
678.4736842105264,474.1578947368421
683.0701754385965,474.57894736842104
687.6666666666666,475.0
692.2631578947369,475.42105263157896
696.859649122807,475.8421052631579
701.4561403508771,476.2631578947368
706.0526315789474,476.6842105263158
710.6491228070175,477.10526315789474
715.2456140350878,477.5263157894737
719.8421052631579,477.9473684210526
724.438596491228,478.36842105263156
729.0350877192982,478.7894736842105
733.6315789473684,479.2105263157895
738.2280701754386,479.63157894736844
742.8245614035088,480.05263157894734
747.421052631579,480.4736842105263
752.0175438596491,480.89473684210526
756.6140350877193,481.3157894736842
761.2105263157895,481.7368421052632
765.8070175438596,482.1578947368421
770.4035087719299,482.57894736842104
775.0,483.0
777.7755102040817,485.2857142857143
780.5510204081633,487.57142857142856
783.3265306122449,489.85714285714283
786.1020408163265,492.14285714285717
788.8775510204082,494.42857142857144
791.6530612244898,496.7142857142857
794.4285714285714,499.0
797.204081632653,501.2857142857143
799.9795918367347,503.57142857142856
802.7551020408164,505.85714285714283
805.530612244898,508.14285714285717
808.3061224489796,510.42857142857144
811.0816326530612,512.7142857142857
813.8571428571429,515.0
816.6326530612245,517.2857142857143
819.4081632653061,519.5714285714286
822.1836734693877,521.8571428571429
824.9591836734694,524.1428571428571
827.734693877551,526.4285714285714
830.5102040816327,528.7142857142857
833.2857142857143,531.0
836.0612244897959,533.2857142857143
838.8367346938776,535.5714285714286
841.6122448979592,537.8571428571429
844.3877551020408,540.1428571428571
847.1632653061224,542.4285714285714
849.9387755102041,544.7142857142857
852.7142857142857,547.0
855.4897959183673,549.2857142857142
858.2653061224489,551.5714285714286
861.0408163265306,553.8571428571429
863.8163265306123,556.1428571428571
866.5918367346939,558.4285714285714
869.3673469387755,560.7142857142857
872.1428571428571,563.0
874.9183673469388,565.2857142857142
877.6938775510204,567.5714285714286
880.469387755102,569.8571428571429
883.2448979591836,572.1428571428571
886.0204081632653,574.4285714285714
888.795918367347,576.7142857142857
891.5714285714286,579.0
894.3469387755102,581.2857142857142
897.1224489795918,583.5714285714286
899.8979591836735,585.8571428571429
902.6734693877551,588.1428571428571
905.4489795918367,590.4285714285714
908.2244897959183,592.7142857142857
911.0,595.0
911.3809523809524,599.6428571428571
911.7619047619048,604.2857142857143
912.1428571428571,608.9285714285714
912.5238095238095,613.5714285714286
912.9047619047619,618.2142857142857
913.2857142857143,622.8571428571429
913.6666666666666,627.5
914.047619047619,632.1428571428571
914.4285714285714,636.7857142857143
914.8095238095239,641.4285714285714
915.1904761904761,646.0714285714286
915.5714285714286,650.7142857142858
915.952380952381,655.3571428571429
916.3333333333334,660.0
916.7142857142857,664.6428571428571
917.0952380952381,669.2857142857143
917.4761904761905,673.9285714285714
917.8571428571429,678.5714285714286
918.2380952380952,683.2142857142858
918.6190476190476,687.8571428571429
919.0,692.5
919.3809523809524,697.1428571428571
919.7619047619048,701.7857142857143
920.1428571428571,706.4285714285714
920.5238095238095,711.0714285714286
920.9047619047619,715.7142857142858
921.2857142857143,720.3571428571429
921.6666666666666,725.0
922.047619047619,729.6428571428571
922.4285714285714,734.2857142857143
922.8095238095239,738.9285714285714
923.1904761904761,743.5714285714286
923.5714285714286,748.2142857142858
923.952380952381,752.8571428571429
924.3333333333334,757.5
924.7142857142857,762.1428571428571
925.0952380952381,766.7857142857143
925.4761904761905,771.4285714285714
925.8571428571429,776.0714285714286
926.2380952380952,780.7142857142858
926.6190476190476,785.3571428571429
927.0,790.0
925.5333333333333,793.5666666666667
924.0666666666667,797.1333333333333
922.6,800.7
921.1333333333333,804.2666666666667
919.6666666666666,807.8333333333334
918.2,811.4
916.7333333333333,814.9666666666667
915.2666666666667,818.5333333333333
913.8,822.1
912.3333333333334,825.6666666666666
910.8666666666667,829.2333333333333
909.4,832.8
907.9333333333333,836.3666666666667
906.4666666666667,839.9333333333334
905.0,843.5
903.5333333333333,847.0666666666667
902.0666666666667,850.6333333333333
900.6,854.2
899.1333333333333,857.7666666666667
897.6666666666666,861.3333333333334
896.2,864.9
894.7333333333333,868.4666666666667
893.2666666666667,872.0333333333333
891.8,875.6
890.3333333333334,879.1666666666666
888.8666666666667,882.7333333333333
887.4,886.3
885.9333333333334,889.8666666666667
884.4666666666667,893.4333333333334
883.0,897.0
878.2142857142857,896.7857142857143
873.4285714285714,896.5714285714286
868.6428571428571,896.3571428571429
863.8571428571429,896.1428571428571
859.0714285714286,895.9285714285714
854.2857142857143,895.7142857142857
849.5,895.5
844.7142857142857,895.2857142857143
839.9285714285714,895.0714285714286
835.1428571428571,894.8571428571429
830.3571428571429,894.6428571428571
825.5714285714286,894.4285714285714
820.7857142857143,894.2142857142857
816.0,894.0
811.2142857142858,893.7857142857143
806.4285714285714,893.5714285714286
801.6428571428571,893.3571428571429
796.8571428571429,893.1428571428571
792.0714285714286,892.9285714285714
787.2857142857143,892.7142857142857
782.5,892.5
777.7142857142858,892.2857142857143
772.9285714285714,892.0714285714286
768.1428571428571,891.8571428571429
763.3571428571429,891.6428571428571
758.5714285714286,891.4285714285714
753.7857142857142,891.2142857142857
749.0,891.0
744.2142857142858,890.7857142857143
739.4285714285714,890.5714285714286
734.6428571428571,890.3571428571429
729.8571428571429,890.1428571428571
725.0714285714286,889.9285714285714
720.2857142857142,889.7142857142857
715.5,889.5
710.7142857142858,889.2857142857143
705.9285714285714,889.0714285714286
701.1428571428571,888.8571428571429
696.3571428571429,888.6428571428571
691.5714285714286,888.4285714285714
686.7857142857142,888.2142857142857
682.0,888.0
677.2142857142858,887.7857142857143
672.4285714285714,887.5714285714286
667.6428571428571,887.3571428571429
662.8571428571429,887.1428571428571
658.0714285714286,886.9285714285714
653.2857142857142,886.7142857142857
648.5,886.5
643.7142857142858,886.2857142857143
638.9285714285714,886.0714285714286
634.1428571428571,885.8571428571429
629.3571428571429,885.6428571428571
624.5714285714286,885.4285714285714
619.7857142857142,885.2142857142857
615.0,885.0
610.1149425287356,884.8505747126437
605.2298850574713,884.7011494252873
600.3448275862069,884.551724137931
595.4597701149426,884.4022988505748
590.5747126436781,884.2528735632184
585.6896551724138,884.1034482758621
580.8045977011494,883.9540229885057
575.9195402298851,883.8045977011494
571.0344827586207,883.6551724137931
566.1494252873563,883.5057471264367
561.264367816092,883.3563218390805
556.3793103448276,883.2068965517242
551.4942528735633,883.0574712643678
546.6091954022988,882.9080459770115
541.7241379310344,882.7586206896551
536.8390804597701,882.6091954022988
531.9540229885058,882.4597701149426
527.0689655172414,882.3103448275862
522.183908045977,882.1609195402299
517.2988505747127,882.0114942528736
512.4137931034483,881.8620689655172
507.5287356321839,881.7126436781609
502.64367816091954,881.5632183908046
497.7586206896552,881.4137931034483
492.8735632183908,881.264367816092
487.98850574712645,881.1149425287356
483.1034482758621,880.9655172413793
478.2183908045977,880.816091954023
473.33333333333337,880.6666666666666
468.44827586206895,880.5172413793103
463.5632183908046,880.3678160919541
458.67816091954023,880.2183908045977
453.7931034482759,880.0689655172414
448.9080459770115,879.919540229885
444.0229885057471,879.7701149425287
439.1379310344828,879.6206896551724
434.2528735632184,879.471264367816
429.367816091954,879.3218390804598
424.48275862068965,879.1724137931035
419.5977011494253,879.0229885057471
414.71264367816093,878.8735632183908
409.82758620689657,878.7241379310345
404.9425287356322,878.5747126436781
400.0574712643678,878.4252873563219
395.1724137931035,878.2758620689655
390.28735632183907,878.1264367816092
385.4022988505747,877.9770114942529
380.51724137931035,877.8275862068965
375.632183908046,877.6781609195402
370.7471264367816,877.528735632184
365.8620689655172,877.3793103448276
360.9770114942529,877.2298850574713
356.0919540229885,877.0804597701149
351.2068965517241,876.9310344827586
346.32183908045977,876.7816091954023
341.4367816091954,876.6321839080459
336.55172413793105,876.4827586206897
331.6666666666667,876.3333333333334
326.7816091954023,876.183908045977
321.8965517241379,876.0344827586207
317.01149425287355,875.8850574712644
312.1264367816092,875.735632183908
307.2413793103448,875.5862068965517
302.35632183908046,875.4367816091954
297.4712643678161,875.2873563218391
292.58620689655174,875.1379310344828
287.7011494252874,874.9885057471264
282.816091954023,874.8390804597701
277.9310344827586,874.6896551724138
273.04597701149424,874.5402298850574
268.1609195402299,874.3908045977012
263.2758620689655,874.2413793103449
258.39080459770116,874.0919540229885
253.5057471264368,873.9425287356322
248.62068965517244,873.7931034482758
243.73563218390802,873.6436781609195
238.85057471264366,873.4942528735633
233.9655172413793,873.3448275862069
229.08045977011494,873.1954022988506
224.19540229885058,873.0459770114943
219.31034482758622,872.8965517241379
214.42528735632186,872.7471264367816
209.5402298850575,872.5977011494252
204.65517241379314,872.448275862069
199.77011494252872,872.2988505747127
194.88505747126436,872.1494252873563
190.0,872.0
190.1184210526316,867.0921052631579
190.23684210526315,862.1842105263158
190.35526315789474,857.2763157894736
190.47368421052633,852.3684210526316
190.5921052631579,847.4605263157895
190.71052631578948,842.5526315789474
190.82894736842104,837.6447368421052
190.94736842105263,832.7368421052631
191.06578947368422,827.828947368421
191.18421052631578,822.921052631579
191.30263157894737,818.0131578947369
191.42105263157896,813.1052631578948
191.53947368421052,808.1973684210526
191.6578947368421,803.2894736842105
191.77631578947367,798.3815789473684
191.89473684210526,793.4736842105264
192.01315789473685,788.5657894736842
192.1315789473684,783.6578947368421
192.25,778.75
192.3684210526316,773.8421052631579
192.48684210526315,768.9342105263158
192.60526315789474,764.0263157894736
192.72368421052633,759.1184210526316
192.8421052631579,754.2105263157895
192.96052631578948,749.3026315789474
193.07894736842104,744.3947368421052
193.19736842105263,739.4868421052631
193.31578947368422,734.578947368421
193.43421052631578,729.671052631579
193.55263157894737,724.7631578947369
193.67105263157896,719.8552631578948
193.78947368421052,714.9473684210526
193.9078947368421,710.0394736842105
194.02631578947367,705.1315789473684
194.14473684210526,700.2236842105262
194.26315789473685,695.3157894736842
194.3815789473684,690.4078947368421
194.5,685.5
194.6184210526316,680.5921052631579
194.73684210526315,675.6842105263158
194.85526315789474,670.7763157894736
194.97368421052633,665.8684210526316
195.0921052631579,660.9605263157895
195.21052631578948,656.0526315789474
195.32894736842104,651.1447368421052
195.44736842105263,646.2368421052631
195.56578947368422,641.328947368421
195.68421052631578,636.421052631579
195.80263157894737,631.5131578947369
195.92105263157896,626.6052631578948
196.03947368421052,621.6973684210526
196.1578947368421,616.7894736842105
196.27631578947367,611.8815789473684
196.39473684210526,606.9736842105262
196.51315789473685,602.0657894736842
196.6315789473684,597.1578947368421
196.75,592.25
196.8684210526316,587.3421052631579
196.98684210526315,582.4342105263158
197.10526315789474,577.5263157894738
197.2236842105263,572.6184210526316
197.3421052631579,567.7105263157895
197.46052631578948,562.8026315789473
197.57894736842104,557.8947368421052
197.69736842105263,552.9868421052631
197.81578947368422,548.078947368421
197.93421052631578,543.171052631579
198.05263157894737,538.2631578947369
198.17105263157896,533.3552631578948
198.28947368421052,528.4473684210526
198.4078947368421,523.5394736842105
198.52631578947367,518.6315789473684
198.64473684210526,513.7236842105262
198.76315789473685,508.8157894736842
198.8815789473684,503.9078947368421
199.0,499.0
203.80597014925374,499.2089552238806
208.61194029850748,499.4179104477612
213.4179104477612,499.6268656716418
218.22388059701493,499.8358208955224
223.02985074626866,500.04477611940297
227.83582089552237,500.25373134328356
232.6417910447761,500.46268656716416
237.44776119402985,500.67164179104475
242.2537313432836,500.8805970149254
247.05970149253733,501.089552238806
251.86567164179104,501.2985074626866
256.67164179104475,501.5074626865672
261.4776119402985,501.7164179104478
266.2835820895522,501.92537313432837
271.08955223880594,502.13432835820896
275.8955223880597,502.34328358208955
280.70149253731347,502.55223880597015
285.5074626865672,502.76119402985074
290.3134328358209,502.97014925373134
295.11940298507466,503.17910447761193
299.92537313432837,503.3880597014925
304.7313432835821,503.5970149253731
309.53731343283584,503.8059701492537
314.34328358208955,504.0149253731343
319.14925373134326,504.2238805970149
323.95522388059703,504.43283582089555
328.76119402985074,504.64179104477614
333.56716417910445,504.85074626865674
338.3731343283582,505.05970149253733
343.17910447761193,505.2686567164179
347.98507462686564,505.4776119402985
352.7910447761194,505.6865671641791
357.5970149253732,505.8955223880597
362.4029850746269,506.1044776119403
367.2089552238806,506.3134328358209
372.01492537313436,506.5223880597015
376.82089552238807,506.7313432835821
381.6268656716418,506.94029850746267
386.43283582089555,507.14925373134326
391.23880597014926,507.35820895522386
396.04477611940297,507.56716417910445
400.85074626865674,507.77611940298505
405.65671641791045,507.9850746268657
410.46268656716416,508.1940298507463
415.2686567164179,508.4029850746269
420.07462686567163,508.6119402985075
424.88059701492534,508.82089552238807
429.6865671641791,509.02985074626866
434.4925373134329,509.23880597014926
439.2985074626866,509.44776119402985
444.1044776119403,509.65671641791045
448.91044776119406,509.86567164179104
453.7164179104478,510.07462686567163
458.5223880597015,510.2835820895522
463.32835820895525,510.4925373134328
468.13432835820896,510.7014925373134
472.94029850746267,510.910447761194
477.74626865671644,511.1194029850746
482.55223880597015,511.32835820895525
487.35820895522386,511.53731343283584
492.1641791044776,511.74626865671644
496.97014925373134,511.95522388059703
501.7761194029851,512.1641791044776
506.5820895522388,512.3731343283582
511.3880597014925,512.5820895522388
516.1940298507463,512.7910447761194
521.0,513.0
525.8059701492538,513.2089552238806
530.6119402985075,513.4179104477612
535.4179104477612,513.6268656716418
540.223880597015,513.8358208955224
545.0298507462687,514.044776119403
549.8358208955224,514.2537313432836
554.6417910447761,514.4626865671642
559.4477611940299,514.6716417910447
564.2537313432836,514.8805970149253
569.0597014925373,515.0895522388059
573.8656716417911,515.2985074626865
578.6716417910447,515.5074626865671
583.4776119402985,515.7164179104477
588.2835820895523,515.9253731343283
593.0895522388059,516.1343283582089
597.8955223880597,516.3432835820895
602.7014925373135,516.5522388059701
607.5074626865671,516.7611940298508
612.3134328358209,516.9701492537314
617.1194029850747,517.179104477612
621.9253731343283,517.3880597014926
626.7313432835821,517.5970149253732
631.5373134328358,517.8059701492538
636.3432835820895,518.0149253731344
641.1492537313433,518.223880597015
645.955223880597,518.4328358208955
650.7611940298507,518.6417910447761
655.5671641791046,518.8507462686567
660.3731343283582,519.0597014925373
665.1791044776119,519.2686567164179
669.9850746268658,519.4776119402985
674.7910447761194,519.6865671641791
679.5970149253732,519.8955223880597
684.4029850746269,520.1044776119403
689.2089552238806,520.3134328358209
694.0149253731344,520.5223880597015
698.8208955223881,520.7313432835821
703.6268656716418,520.9402985074627
708.4328358208955,521.1492537313433
713.2388059701493,521.3582089552239
718.044776119403,521.5671641791045
722.8507462686567,521.776119402985
727.6567164179105,521.9850746268656
732.4626865671642,522.1940298507462
737.2686567164179,522.4029850746268
742.0746268656717,522.6119402985074
746.8805970149253,522.820895522388
751.6865671641791,523.0298507462686
756.4925373134329,523.2388059701492
761.2985074626865,523.4477611940299
766.1044776119403,523.6567164179105
770.9104477611941,523.8656716417911
775.7164179104477,524.0746268656717
780.5223880597015,524.2835820895523
785.3283582089553,524.4925373134329
790.134328358209,524.7014925373135
794.9402985074627,524.9104477611941
799.7462686567164,525.1194029850747
804.5522388059702,525.3283582089553
809.3582089552239,525.5373134328358
814.1641791044776,525.7462686567164
818.9701492537314,525.955223880597
823.776119402985,526.1641791044776
828.5820895522388,526.3731343283582
833.3880597014926,526.5820895522388
838.1940298507462,526.7910447761194
843.0,527.0
843.1188118811881,531.8960396039604
843.2376237623762,536.7920792079208
843.3564356435644,541.6881188118812
843.4752475247525,546.5841584158416
843.5940594059406,551.480198019802
843.7128712871287,556.3762376237623
843.8316831683169,561.2722772277227
843.950495049505,566.1683168316831
844.0693069306931,571.0643564356436
844.1881188118812,575.960396039604
844.3069306930693,580.8564356435644
844.4257425742575,585.7524752475248
844.5445544554456,590.6485148514852
844.6633663366337,595.5445544554456
844.7821782178218,600.440594059406
844.9009900990098,605.3366336633663
845.019801980198,610.2326732673267
845.1386138613861,615.1287128712871
845.2574257425742,620.0247524752475
845.3762376237623,624.9207920792079
845.4950495049505,629.8168316831683
845.6138613861386,634.7128712871287
845.7326732673267,639.6089108910892
845.8514851485148,644.5049504950496
845.9702970297029,649.40099009901
846.0891089108911,654.2970297029703
846.2079207920792,659.1930693069307
846.3267326732673,664.0891089108911
846.4455445544554,668.9851485148515
846.5643564356436,673.8811881188119
846.6831683168317,678.7772277227723
846.8019801980198,683.6732673267327
846.9207920792079,688.5693069306931
847.039603960396,693.4653465346535
847.1584158415842,698.3613861386139
847.2772277227723,703.2574257425742
847.3960396039604,708.1534653465346
847.5148514851485,713.049504950495
847.6336633663366,717.9455445544554
847.7524752475248,722.8415841584158
847.8712871287129,727.7376237623762
847.990099009901,732.6336633663366
848.1089108910891,737.5297029702971
848.2277227722773,742.4257425742575
848.3465346534654,747.3217821782179
848.4653465346535,752.2178217821782
848.5841584158416,757.1138613861386
848.7029702970297,762.009900990099
848.8217821782179,766.9059405940594
848.940594059406,771.8019801980198
849.059405940594,776.6980198019802
849.1782178217821,781.5940594059406
849.2970297029703,786.4900990099011
849.4158415841584,791.3861386138615
849.5346534653465,796.2821782178219
849.6534653465346,801.1782178217823
849.7722772277227,806.0742574257426
849.8910891089109,810.970297029703
850.009900990099,815.8663366336634
850.1287128712871,820.7623762376238
850.2475247524752,825.6584158415842
850.3663366336634,830.5544554455446
850.4851485148515,835.450495049505
850.6039603960396,840.3465346534654
850.7227722772277,845.2425742574258
850.8415841584158,850.1386138613861
850.960396039604,855.0346534653465
851.0792079207921,859.9306930693069
851.1980198019802,864.8267326732673
851.3168316831683,869.7227722772277
851.4356435643564,874.6188118811881
851.5544554455446,879.5148514851485
851.6732673267327,884.4108910891089
851.7920792079208,889.3069306930693
851.9108910891089,894.2029702970297
852.0297029702971,899.0990099009902
852.1485148514852,903.9950495049505
852.2673267326733,908.8910891089109
852.3861386138614,913.7871287128713
852.5049504950495,918.6831683168317
852.6237623762377,923.5792079207921
852.7425742574258,928.4752475247525
852.8613861386139,933.3712871287129
852.980198019802,938.2673267326733
853.0990099009902,943.1633663366338
853.2178217821782,948.0594059405942
853.3366336633663,952.9554455445545
853.4554455445544,957.8514851485149
853.5742574257425,962.7475247524753
853.6930693069307,967.6435643564357
853.8118811881188,972.5396039603961
853.9306930693069,977.4356435643565
854.049504950495,982.3316831683169
854.1683168316831,987.2277227722773
854.2871287128713,992.1237623762377
854.4059405940594,997.019801980198
854.5247524752475,1001.9158415841584
854.6435643564356,1006.8118811881188
854.7623762376238,1011.7079207920792
854.8811881188119,1016.6039603960396
855.0,1021.5
855.1188118811881,1026.3960396039604
855.2376237623762,1031.2920792079208
855.3564356435644,1036.1881188118812
855.4752475247525,1041.0841584158416
855.5940594059406,1045.9801980198022
855.7128712871287,1050.8762376237623
855.8316831683169,1055.772277227723
855.950495049505,1060.6683168316831
856.0693069306931,1065.5643564356437
856.1881188118812,1070.460396039604
856.3069306930693,1075.3564356435645
856.4257425742575,1080.2524752475247
856.5445544554456,1085.1485148514853
856.6633663366337,1090.0445544554455
856.7821782178218,1094.940594059406
856.9009900990098,1099.8366336633662
857.019801980198,1104.7326732673268
857.1386138613861,1109.628712871287
857.2574257425742,1114.5247524752476
857.3762376237623,1119.420792079208
857.4950495049505,1124.3168316831684
857.6138613861386,1129.2128712871288
857.7326732673267,1134.1089108910892
857.8514851485148,1139.0049504950496
857.9702970297029,1143.90099009901
858.0891089108911,1148.7970297029703
858.2079207920792,1153.6930693069307
858.3267326732673,1158.5891089108911
858.4455445544554,1163.4851485148515
858.5643564356436,1168.381188118812
858.6831683168317,1173.2772277227723
858.8019801980198,1178.1732673267327
858.9207920792079,1183.069306930693
859.039603960396,1187.9653465346535
859.1584158415842,1192.8613861386139
859.2772277227723,1197.7574257425745
859.3960396039604,1202.6534653465346
859.5148514851485,1207.5495049504952
859.6336633663366,1212.4455445544554
859.7524752475248,1217.341584158416
859.8712871287129,1222.2376237623762
859.990099009901,1227.1336633663368
860.1089108910891,1232.029702970297
860.2277227722773,1236.9257425742576
860.3465346534654,1241.8217821782177
860.4653465346535,1246.7178217821784
860.5841584158416,1251.6138613861385
860.7029702970297,1256.5099009900991
860.8217821782179,1261.4059405940593
860.940594059406,1266.30198019802
861.059405940594,1271.1980198019803
861.1782178217821,1276.0940594059407
861.2970297029703,1280.990099009901
861.4158415841584,1285.8861386138615
861.5346534653465,1290.7821782178219
861.6534653465346,1295.6782178217823
861.7722772277227,1300.5742574257426
861.8910891089109,1305.470297029703
862.009900990099,1310.3663366336634
862.1287128712871,1315.2623762376238
862.2475247524752,1320.1584158415842
862.3663366336634,1325.0544554455446
862.4851485148515,1329.950495049505
862.6039603960396,1334.8465346534654
862.7227722772277,1339.7425742574258
862.8415841584158,1344.6386138613861
862.960396039604,1349.5346534653465
863.0792079207921,1354.430693069307
863.1980198019802,1359.3267326732675
863.3168316831683,1364.2227722772277
863.4356435643564,1369.1188118811883
863.5544554455446,1374.0148514851485
863.6732673267327,1378.910891089109
863.7920792079208,1383.8069306930693
863.9108910891089,1388.7029702970299
864.0297029702971,1393.59900990099
864.1485148514852,1398.4950495049507
864.2673267326733,1403.3910891089108
864.3861386138614,1408.2871287128714
864.5049504950495,1413.1831683168316
864.6237623762377,1418.0792079207922
864.7425742574258,1422.9752475247524
864.8613861386139,1427.871287128713
864.980198019802,1432.7673267326734
865.09900990099,1437.6633663366338
865.2178217821782,1442.5594059405942
865.3366336633663,1447.4554455445545
865.4554455445544,1452.351485148515
865.5742574257425,1457.2475247524753
865.6930693069307,1462.1435643564357
865.8118811881188,1467.039603960396
865.9306930693069,1471.9356435643565
866.049504950495,1476.8316831683169
866.1683168316831,1481.7277227722773
866.2871287128713,1486.6237623762377
866.4059405940594,1491.519801980198
866.5247524752475,1496.4158415841584
866.6435643564356,1501.3118811881188
866.7623762376238,1506.2079207920792
866.8811881188119,1511.1039603960398
867.0,1516.0
862.0769230769231,1516.076923076923
857.1538461538462,1516.1538461538462
852.2307692307693,1516.2307692307693
847.3076923076923,1516.3076923076924
842.3846153846154,1516.3846153846155
837.4615384615385,1516.4615384615386
832.5384615384615,1516.5384615384614
827.6153846153846,1516.6153846153845
822.6923076923077,1516.6923076923076
817.7692307692307,1516.7692307692307
812.8461538461538,1516.8461538461538
807.9230769230769,1516.923076923077
803.0,1517.0
798.0769230769231,1517.076923076923
793.1538461538462,1517.1538461538462
788.2307692307693,1517.2307692307693
783.3076923076923,1517.3076923076924
778.3846153846154,1517.3846153846155
773.4615384615385,1517.4615384615386
768.5384615384615,1517.5384615384614
763.6153846153846,1517.6153846153845
758.6923076923076,1517.6923076923076
753.7692307692307,1517.7692307692307
748.8461538461538,1517.8461538461538
743.9230769230769,1517.923076923077
739.0,1518.0
734.0769230769231,1518.076923076923
729.1538461538462,1518.1538461538462
724.2307692307693,1518.2307692307693
719.3076923076923,1518.3076923076924
714.3846153846154,1518.3846153846155
709.4615384615385,1518.4615384615386
704.5384615384615,1518.5384615384614
699.6153846153846,1518.6153846153845
694.6923076923076,1518.6923076923076
689.7692307692307,1518.7692307692307
684.8461538461538,1518.8461538461538
679.9230769230769,1518.923076923077
675.0,1519.0
670.0769230769231,1519.076923076923
665.1538461538462,1519.1538461538462
660.2307692307693,1519.2307692307693
655.3076923076923,1519.3076923076924
650.3846153846154,1519.3846153846155
645.4615384615385,1519.4615384615386
640.5384615384615,1519.5384615384614
635.6153846153846,1519.6153846153845
630.6923076923076,1519.6923076923076
625.7692307692307,1519.7692307692307
620.8461538461538,1519.8461538461538
615.9230769230769,1519.923076923077
611.0,1520.0
606.0769230769231,1520.076923076923
601.1538461538462,1520.1538461538462
596.2307692307693,1520.2307692307693
591.3076923076923,1520.3076923076924
586.3846153846154,1520.3846153846155
581.4615384615385,1520.4615384615386
576.5384615384615,1520.5384615384614
571.6153846153845,1520.6153846153845
566.6923076923076,1520.6923076923076
561.7692307692307,1520.7692307692307
556.8461538461538,1520.8461538461538
551.9230769230769,1520.923076923077
547.0,1521.0
542.0769230769231,1521.076923076923
537.1538461538462,1521.1538461538462
532.2307692307693,1521.2307692307693
527.3076923076923,1521.3076923076924
522.3846153846154,1521.3846153846155
517.4615384615385,1521.4615384615386
512.5384615384615,1521.5384615384614
507.6153846153846,1521.6153846153845
502.6923076923077,1521.6923076923076
497.7692307692308,1521.7692307692307
492.8461538461538,1521.8461538461538
487.9230769230769,1521.923076923077
483.0,1522.0
487.47058823529414,1522.6470588235295
491.94117647058823,1523.2941176470588
496.4117647058824,1523.9411764705883
500.88235294117646,1524.5882352941176
505.3529411764706,1525.235294117647
509.8235294117647,1525.8823529411766
514.2941176470588,1526.5294117647059
518.7647058823529,1527.1764705882354
523.2352941176471,1527.8235294117646
527.7058823529412,1528.4705882352941
532.1764705882352,1529.1176470588234
536.6470588235294,1529.764705882353
541.1176470588235,1530.4117647058824
545.5882352941177,1531.0588235294117
550.0588235294117,1531.7058823529412
554.5294117647059,1532.3529411764705
