2132.0,1633.0
2137.027027027027,1632.972972972973
2142.054054054054,1632.945945945946
2147.0810810810813,1632.918918918919
2152.108108108108,1632.8918918918919
2157.135135135135,1632.8648648648648
2162.162162162162,1632.837837837838
2167.189189189189,1632.8108108108108
2172.2162162162163,1632.7837837837837
2177.2432432432433,1632.7567567567567
2182.2702702702704,1632.7297297297298
2187.2972972972975,1632.7027027027027
2192.324324324324,1632.6756756756756
2197.3513513513512,1632.6486486486488
2202.3783783783783,1632.6216216216217
2207.4054054054054,1632.5945945945946
2212.4324324324325,1632.5675675675675
2217.4594594594596,1632.5405405405406
2222.4864864864867,1632.5135135135135
2227.5135135135133,1632.4864864864865
2232.5405405405404,1632.4594594594594
2237.5675675675675,1632.4324324324325
2242.5945945945946,1632.4054054054054
2247.6216216216217,1632.3783783783783
2252.6486486486488,1632.3513513513512
2257.675675675676,1632.3243243243244
2262.7027027027025,1632.2972972972973
2267.7297297297296,1632.2702702702702
2272.7567567567567,1632.2432432432433
2277.7837837837837,1632.2162162162163
2282.810810810811,1632.1891891891892
2287.837837837838,1632.162162162162
2292.864864864865,1632.1351351351352
2297.891891891892,1632.1081081081081
2302.9189189189187,1632.081081081081
2307.945945945946,1632.054054054054
2312.972972972973,1632.027027027027
2318.0,1632.0
2323.027027027027,1631.972972972973
2328.054054054054,1631.945945945946
2333.0810810810813,1631.918918918919
2338.1081081081084,1631.8918918918919
2343.135135135135,1631.8648648648648
2348.162162162162,1631.837837837838
2353.189189189189,1631.8108108108108
2358.2162162162163,1631.7837837837837
2363.2432432432433,1631.7567567567567
2368.2702702702704,1631.7297297297298
2373.2972972972975,1631.7027027027027
2378.324324324324,1631.6756756756756
2383.3513513513512,1631.6486486486488
2388.3783783783783,1631.6216216216217
2393.4054054054054,1631.5945945945946
2398.4324324324325,1631.5675675675675
2403.4594594594596,1631.5405405405406
2408.4864864864867,1631.5135135135135
2413.5135135135133,1631.4864864864865
2418.5405405405404,1631.4594594594594
2423.5675675675675,1631.4324324324325
2428.5945945945946,1631.4054054054054
2433.6216216216217,1631.3783783783783
2438.6486486486488,1631.3513513513512
2443.675675675676,1631.3243243243244
2448.7027027027025,1631.2972972972973
2453.7297297297296,1631.2702702702702
2458.7567567567567,1631.2432432432433
2463.7837837837837,1631.2162162162163
2468.810810810811,1631.1891891891892
2473.837837837838,1631.162162162162
2478.864864864865,1631.1351351351352
2483.891891891892,1631.1081081081081
2488.9189189189187,1631.081081081081
2493.945945945946,1631.054054054054
2498.972972972973,1631.027027027027
2504.0,1631.0
2503.954954954955,1635.972972972973
2503.90990990991,1640.945945945946
2503.864864864865,1645.918918918919
2503.8198198198197,1650.8918918918919
2503.774774774775,1655.8648648648648
2503.7297297297296,1660.837837837838
2503.6846846846847,1665.8108108108108
2503.6396396396394,1670.7837837837837
2503.5945945945946,1675.7567567567567
2503.5495495495497,1680.7297297297298
2503.5045045045044,1685.7027027027027
2503.4594594594596,1690.6756756756756
2503.4144144144143,1695.6486486486488
2503.3693693693695,1700.6216216216217
2503.324324324324,1705.5945945945946
2503.2792792792793,1710.5675675675675
2503.234234234234,1715.5405405405406
2503.189189189189,1720.5135135135135
2503.1441441441443,1725.4864864864865
2503.099099099099,1730.4594594594594
2503.054054054054,1735.4324324324325
2503.009009009009,1740.4054054054054
2502.963963963964,1745.3783783783783
2502.9189189189187,1750.3513513513512
2502.873873873874,1755.3243243243244
2502.828828828829,1760.2972972972973
2502.7837837837837,1765.2702702702702
2502.738738738739,1770.2432432432433
2502.6936936936936,1775.2162162162163
2502.6486486486488,1780.1891891891892
2502.6036036036035,1785.162162162162
2502.5585585585586,1790.1351351351352
2502.5135135135133,1795.1081081081081
2502.4684684684685,1800.081081081081
2502.4234234234236,1805.054054054054
2502.3783783783783,1810.027027027027
2502.3333333333335,1815.0
2502.288288288288,1819.972972972973
2502.2432432432433,1824.9459459459458
2502.198198198198,1829.918918918919
2502.153153153153,1834.8918918918919
2502.108108108108,1839.8648648648648
2502.063063063063,1844.837837837838
2502.018018018018,1849.8108108108108
2501.972972972973,1854.7837837837837
2501.927927927928,1859.7567567567567
2501.8828828828828,1864.7297297297298
2501.837837837838,1869.7027027027027
2501.7927927927926,1874.6756756756756
2501.747747747748,1879.6486486486488
2501.7027027027025,1884.6216216216217
2501.6576576576576,1889.5945945945946
2501.612612612613,1894.5675675675675
2501.5675675675675,1899.5405405405404
2501.5225225225226,1904.5135135135135
2501.4774774774774,1909.4864864864865
2501.4324324324325,1914.4594594594594
2501.387387387387,1919.4324324324325
2501.3423423423424,1924.4054054054054
2501.2972972972975,1929.3783783783783
2501.252252252252,1934.3513513513512
2501.2072072072074,1939.3243243243244
2501.162162162162,1944.2972972972973
2501.1171171171172,1949.2702702702702
2501.072072072072,1954.2432432432433
2501.027027027027,1959.2162162162163
2500.981981981982,1964.1891891891892
2500.936936936937,1969.162162162162
2500.891891891892,1974.135135135135
2500.846846846847,1979.1081081081081
2500.801801801802,1984.081081081081
2500.7567567567567,1989.0540540540542
2500.711711711712,1994.027027027027
2500.6666666666665,1999.0
2500.6216216216217,2003.972972972973
2500.5765765765764,2008.9459459459458
2500.5315315315315,2013.918918918919
2500.4864864864867,2018.8918918918919
2500.4414414414414,2023.8648648648648
2500.3963963963965,2028.837837837838
2500.3513513513512,2033.8108108108108
2500.3063063063064,2038.7837837837837
2500.261261261261,2043.7567567567567
2500.2162162162163,2048.7297297297296
2500.171171171171,2053.7027027027025
2500.126126126126,2058.675675675676
2500.0810810810813,2063.6486486486488
2500.036036036036,2068.6216216216217
2499.990990990991,2073.5945945945946
2499.945945945946,2078.5675675675675
2499.900900900901,2083.5405405405404
2499.8558558558557,2088.5135135135133
2499.810810810811,2093.4864864864867
2499.765765765766,2098.4594594594596
2499.7207207207207,2103.4324324324325
2499.675675675676,2108.4054054054054
2499.6306306306305,2113.3783783783783
2499.5855855855857,2118.3513513513512
2499.5405405405404,2123.324324324324
2499.4954954954956,2128.2972972972975
2499.4504504504503,2133.2702702702704
2499.4054054054054,2138.2432432432433
2499.3603603603606,2143.2162162162163
2499.3153153153153,2148.189189189189
2499.2702702702704,2153.162162162162
2499.225225225225,2158.135135135135
2499.1801801801803,2163.1081081081084
2499.135135135135,2168.081081081081
2499.09009009009,2173.054054054054
2499.045045045045,2178.027027027027
2499.0,2183.0
2498.8445945945946,2187.8716216216217
2498.689189189189,2192.7432432432433
2498.5337837837837,2197.614864864865
2498.3783783783783,2202.4864864864867
2498.222972972973,2207.358108108108
2498.0675675675675,2212.2297297297296
2497.912162162162,2217.1013513513512
2497.7567567567567,2221.972972972973
2497.6013513513512,2226.8445945945946
2497.445945945946,2231.7162162162163
2497.2905405405404,2236.587837837838
2497.135135135135,2241.4594594594596
2496.9797297297296,2246.3310810810813
2496.824324324324,2251.2027027027025
2496.6689189189187,2256.074324324324
2496.5135135135133,2260.945945945946
2496.358108108108,2265.8175675675675
2496.2027027027025,2270.689189189189
2496.0472972972975,2275.560810810811
2495.891891891892,2280.4324324324325
2495.7364864864867,2285.304054054054
2495.5810810810813,2290.175675675676
2495.425675675676,2295.0472972972975
2495.2702702702704,2299.9189189189187
2495.114864864865,2304.7905405405404
2494.9594594594596,2309.662162162162
2494.804054054054,2314.5337837837837
2494.6486486486488,2319.4054054054054
2494.4932432432433,2324.277027027027
2494.337837837838,2329.1486486486488
2494.1824324324325,2334.0202702702704
2494.027027027027,2338.891891891892
2493.8716216216217,2343.7635135135133
2493.7162162162163,2348.635135135135
2493.560810810811,2353.5067567567567
2493.4054054054054,2358.3783783783783
2493.25,2363.25
2493.0945945945946,2368.1216216216217
2492.939189189189,2372.9932432432433
2492.7837837837837,2377.864864864865
2492.6283783783783,2382.7364864864867
2492.472972972973,2387.6081081081084
2492.3175675675675,2392.4797297297296
2492.162162162162,2397.3513513513512
2492.0067567567567,2402.222972972973
2491.8513513513512,2407.0945945945946
2491.695945945946,2411.9662162162163
2491.5405405405404,2416.837837837838
2491.385135135135,2421.7094594594596
2491.2297297297296,2426.5810810810813
2491.074324324324,2431.4527027027025
2490.9189189189187,2436.324324324324
2490.7635135135133,2441.195945945946
2490.608108108108,2446.0675675675675
2490.4527027027025,2450.939189189189
2490.2972972972975,2455.810810810811
2490.141891891892,2460.6824324324325
2489.9864864864867,2465.554054054054
2489.8310810810813,2470.425675675676
2489.675675675676,2475.2972972972975
2489.5202702702704,2480.168918918919
2489.364864864865,2485.0405405405404
2489.2094594594596,2489.912162162162
2489.054054054054,2494.7837837837837
2488.8986486486488,2499.6554054054054
2488.7432432432433,2504.527027027027
2488.587837837838,2509.3986486486488
2488.4324324324325,2514.2702702702704
2488.277027027027,2519.141891891892
2488.1216216216217,2524.0135135135133
2487.9662162162163,2528.885135135135
2487.810810810811,2533.7567567567567
2487.6554054054054,2538.6283783783783
2487.5,2543.5
2487.3445945945946,2548.3716216216217
2487.189189189189,2553.2432432432433
2487.0337837837837,2558.114864864865
2486.8783783783783,2562.9864864864867
2486.722972972973,2567.8581081081084
2486.5675675675675,2572.7297297297296
2486.412162162162,2577.6013513513512
2486.2567567567567,2582.472972972973
2486.1013513513512,2587.3445945945946
2485.945945945946,2592.2162162162163
2485.7905405405404,2597.087837837838
2485.635135135135,2601.9594594594596
2485.4797297297296,2606.8310810810813
2485.324324324324,2611.7027027027025
2485.1689189189187,2616.574324324324
2485.0135135135133,2621.445945945946
2484.858108108108,2626.3175675675675
2484.7027027027025,2631.189189189189
2484.5472972972975,2636.060810810811
2484.391891891892,2640.9324324324325
2484.2364864864867,2645.804054054054
2484.0810810810813,2650.675675675676
2483.925675675676,2655.5472972972975
2483.7702702702704,2660.418918918919
2483.614864864865,2665.2905405405404
2483.4594594594596,2670.162162162162
2483.304054054054,2675.0337837837837
2483.1486486486488,2679.9054054054054
2482.9932432432433,2684.777027027027
2482.837837837838,2689.6486486486488
2482.6824324324325,2694.5202702702704
2482.527027027027,2699.3918918918916
2482.3716216216217,2704.2635135135133
2482.2162162162163,2709.135135135135
2482.060810810811,2714.0067567567567
2481.9054054054054,2718.8783783783783
2481.75,2723.75
2481.5945945945946,2728.6216216216217
2481.439189189189,2733.4932432432433
2481.2837837837837,2738.364864864865
2481.1283783783783,2743.2364864864867
2480.972972972973,2748.1081081081084
2480.8175675675675,2752.97972972973
2480.662162162162,2757.8513513513512
2480.5067567567567,2762.722972972973
2480.3513513513512,2767.5945945945946
2480.195945945946,2772.4662162162163
2480.0405405405404,2777.337837837838
2479.885135135135,2782.2094594594596
2479.7297297297296,2787.0810810810813
2479.574324324324,2791.9527027027025
2479.4189189189187,2796.824324324324
2479.2635135135133,2801.695945945946
2479.108108108108,2806.5675675675675
2478.9527027027025,2811.439189189189
2478.7972972972975,2816.310810810811
2478.641891891892,2821.1824324324325
2478.4864864864867,2826.054054054054
2478.3310810810813,2830.925675675676
2478.175675675676,2835.7972972972975
2478.0202702702704,2840.668918918919
2477.864864864865,2845.540540540541
2477.7094594594596,2850.412162162162
2477.554054054054,2855.2837837837837
2477.3986486486488,2860.1554054054054
2477.2432432432433,2865.027027027027
2477.087837837838,2869.8986486486488
2476.9324324324325,2874.7702702702704
2476.777027027027,2879.641891891892
2476.6216216216217,2884.5135135135133
2476.4662162162163,2889.385135135135
2476.310810810811,2894.2567567567567
2476.1554054054054,2899.1283783783783
2476.0,2904.0
2475.99,2909.03
2475.98,2914.06
2475.97,2919.09
2475.96,2924.12
2475.95,2929.15
2475.94,2934.18
2475.93,2939.21
2475.92,2944.24
2475.91,2949.27
2475.9,2954.3
2475.89,2959.33
2475.88,2964.36
2475.87,2969.39
2475.86,2974.42
2475.85,2979.45
2475.84,2984.48
2475.83,2989.51
2475.82,2994.54
2475.81,2999.57
2475.8,3004.6
2475.79,3009.63
2475.78,3014.66
2475.77,3019.69
2475.76,3024.72
2475.75,3029.75
2475.74,3034.78
2475.73,3039.81
2475.72,3044.84
2475.71,3049.87
2475.7,3054.9
2475.69,3059.93
2475.68,3064.96
2475.67,3069.99
2475.66,3075.02
2475.65,3080.05
2475.64,3085.08
2475.63,3090.11
2475.62,3095.14
2475.61,3100.17
2475.6,3105.2
2475.59,3110.23
2475.58,3115.26
2475.57,3120.29
2475.56,3125.32
2475.55,3130.35
2475.54,3135.38
2475.53,3140.41
2475.52,3145.44
2475.51,3150.47
2475.5,3155.5
2475.49,3160.53
2475.48,3165.56
2475.47,3170.59
2475.46,3175.62
2475.45,3180.65
2475.44,3185.68
2475.43,3190.71
2475.42,3195.74
2475.41,3200.77
2475.4,3205.8
2475.39,3210.83
2475.38,3215.86
2475.37,3220.89
2475.36,3225.92
2475.35,3230.95
2475.34,3235.98
2475.33,3241.01
2475.32,3246.04
2475.31,3251.07
2475.3,3256.1
2475.29,3261.13
2475.28,3266.16
2475.27,3271.19
2475.26,3276.2200000000003
2475.25,3281.25
2475.24,3286.28
2475.23,3291.31
2475.22,3296.34
2475.21,3301.37
2475.2,3306.4
2475.19,3311.43
2475.18,3316.46
2475.17,3321.49
2475.16,3326.52
2475.15,3331.55
2475.14,3336.58
2475.13,3341.61
2475.12,3346.64
2475.11,3351.67
2475.1,3356.7
2475.09,3361.73
2475.08,3366.76
2475.07,3371.79
2475.06,3376.82
2475.05,3381.85
2475.04,3386.88
2475.03,3391.91
2475.02,3396.94
2475.01,3401.9700000000003
2475.0,3407.0
2470.0641025641025,3407.0897435897436
2465.128205128205,3407.1794871794873
2460.1923076923076,3407.269230769231
2455.25641025641,3407.358974358974
2450.3205128205127,3407.448717948718
2445.3846153846152,3407.5384615384614
2440.448717948718,3407.628205128205
2435.5128205128203,3407.7179487179487
2430.576923076923,3407.8076923076924
2425.6410256410254,3407.897435897436
2420.7051282051284,3407.9871794871797
2415.769230769231,3408.076923076923
2410.8333333333335,3408.1666666666665
2405.897435897436,3408.25641025641
2400.9615384615386,3408.346153846154
2396.025641025641,3408.4358974358975
2391.0897435897436,3408.525641025641
2386.153846153846,3408.6153846153848
2381.2179487179487,3408.7051282051284
2376.2820512820513,3408.7948717948716
2371.346153846154,3408.8846153846152
2366.4102564102564,3408.974358974359
2361.474358974359,3409.0641025641025
2356.5384615384614,3409.153846153846
2351.602564102564,3409.24358974359
2346.6666666666665,3409.3333333333335
2341.730769230769,3409.423076923077
2336.7948717948716,3409.5128205128203
2331.8589743589746,3409.602564102564
2326.923076923077,3409.6923076923076
2321.9871794871797,3409.7820512820513
2317.051282051282,3409.871794871795
2312.1153846153848,3409.9615384615386
2307.1794871794873,3410.051282051282
2302.24358974359,3410.141025641026
2297.3076923076924,3410.230769230769
2292.371794871795,3410.3205128205127
2287.4358974358975,3410.4102564102564
2282.5,3410.5
2277.5641025641025,3410.5897435897436
2272.628205128205,3410.6794871794873
2267.6923076923076,3410.769230769231
2262.75641025641,3410.858974358974
2257.8205128205127,3410.948717948718
2252.8846153846152,3411.0384615384614
2247.948717948718,3411.128205128205
2243.0128205128203,3411.2179487179487
2238.076923076923,3411.3076923076924
2233.1410256410254,3411.397435897436
2228.2051282051284,3411.4871794871797
2223.269230769231,3411.576923076923
2218.3333333333335,3411.6666666666665
2213.397435897436,3411.75641025641
2208.4615384615386,3411.846153846154
2203.525641025641,3411.9358974358975
2198.5897435897436,3412.025641025641
2193.653846153846,3412.1153846153848
2188.7179487179487,3412.2051282051284
2183.7820512820513,3412.2948717948716
2178.846153846154,3412.3846153846152
2173.9102564102564,3412.474358974359
2168.974358974359,3412.5641025641025
2164.0384615384614,3412.653846153846
2159.102564102564,3412.74358974359
2154.1666666666665,3412.8333333333335
2149.230769230769,3412.923076923077
2144.2948717948716,3413.0128205128203
2139.3589743589746,3413.102564102564
2134.423076923077,3413.1923076923076
2129.4871794871797,3413.2820512820513
2124.551282051282,3413.371794871795
2119.6153846153848,3413.4615384615386
2114.6794871794873,3413.551282051282
2109.74358974359,3413.641025641026
2104.8076923076924,3413.730769230769
2099.871794871795,3413.8205128205127
2094.9358974358975,3413.9102564102564
2090.0,3414.0
2090.194805194805,3409.188311688312
2090.3896103896104,3404.3766233766232
2090.5844155844156,3399.564935064935
2090.779220779221,3394.753246753247
2090.974025974026,3389.9415584415583
2091.1688311688313,3385.12987012987
2091.3636363636365,3380.318181818182
2091.5584415584417,3375.5064935064934
2091.753246753247,3370.694805194805
2091.948051948052,3365.883116883117
2092.1428571428573,3361.0714285714284
2092.3376623376626,3356.2597402597403
2092.5324675324673,3351.448051948052
2092.7272727272725,3346.6363636363635
2092.9220779220777,3341.8246753246754
2093.116883116883,3337.012987012987
2093.311688311688,3332.2012987012986
2093.5064935064934,3327.3896103896104
2093.7012987012986,3322.5779220779223
2093.896103896104,3317.7662337662337
2094.090909090909,3312.9545454545455
2094.285714285714,3308.1428571428573
2094.4805194805194,3303.3311688311687
2094.6753246753246,3298.5194805194806
2094.87012987013,3293.7077922077924
2095.064935064935,3288.896103896104
2095.2597402597403,3284.0844155844156
2095.4545454545455,3279.2727272727275
2095.6493506493507,3274.461038961039
2095.844155844156,3269.6493506493507
2096.038961038961,3264.8376623376626
2096.2337662337663,3260.025974025974
2096.4285714285716,3255.214285714286
2096.6233766233768,3250.402597402597
2096.818181818182,3245.590909090909
2097.012987012987,3240.779220779221
2097.2077922077924,3235.9675324675327
2097.4025974025976,3231.155844155844
2097.5974025974024,3226.344155844156
2097.7922077922076,3221.5324675324673
2097.987012987013,3216.720779220779
2098.181818181818,3211.909090909091
2098.3766233766232,3207.097402597403
2098.5714285714284,3202.285714285714
2098.7662337662337,3197.474025974026
2098.961038961039,3192.6623376623374
2099.155844155844,3187.8506493506493
2099.3506493506493,3183.038961038961
2099.5454545454545,3178.2272727272725
2099.7402597402597,3173.4155844155844
2099.935064935065,3168.603896103896
2100.12987012987,3163.7922077922076
2100.3246753246754,3158.9805194805194
2100.5194805194806,3154.1688311688313
2100.714285714286,3149.3571428571427
2100.909090909091,3144.5454545454545
2101.103896103896,3139.7337662337663
2101.2987012987014,3134.9220779220777
2101.4935064935066,3130.1103896103896
2101.688311688312,3125.2987012987014
2101.883116883117,3120.487012987013
2102.0779220779223,3115.6753246753246
2102.2727272727275,3110.8636363636365
2102.4675324675327,3106.051948051948
2102.6623376623374,3101.2402597402597
2102.8571428571427,3096.4285714285716
2103.051948051948,3091.616883116883
2103.246753246753,3086.805194805195
2103.4415584415583,3081.9935064935066
2103.6363636363635,3077.181818181818
2103.8311688311687,3072.37012987013
2104.025974025974,3067.5584415584417
2104.220779220779,3062.746753246753
2104.4155844155844,3057.935064935065
2104.6103896103896,3053.1233766233768
2104.805194805195,3048.311688311688
2105.0,3043.5
2105.194805194805,3038.688311688312
2105.3896103896104,3033.8766233766232
2105.5844155844156,3029.064935064935
2105.779220779221,3024.253246753247
2105.974025974026,3019.4415584415583
2106.1688311688313,3014.62987012987
2106.3636363636365,3009.818181818182
2106.5584415584417,3005.0064935064934
2106.753246753247,3000.194805194805
2106.948051948052,2995.383116883117
2107.1428571428573,2990.5714285714284
2107.3376623376626,2985.7597402597403
2107.5324675324673,2980.948051948052
2107.7272727272725,2976.1363636363635
2107.9220779220777,2971.3246753246754
2108.116883116883,2966.512987012987
2108.311688311688,2961.7012987012986
2108.5064935064934,2956.8896103896104
2108.7012987012986,2952.0779220779223
2108.896103896104,2947.2662337662337
2109.090909090909,2942.4545454545455
2109.285714285714,2937.642857142857
2109.4805194805194,2932.8311688311687
2109.6753246753246,2928.0194805194806
2109.87012987013,2923.2077922077924
2110.064935064935,2918.396103896104
2110.2597402597403,2913.5844155844156
2110.4545454545455,2908.772727272727
2110.6493506493507,2903.961038961039
2110.844155844156,2899.1493506493507
2111.038961038961,2894.3376623376626
2111.2337662337663,2889.525974025974
2111.4285714285716,2884.714285714286
2111.6233766233768,2879.902597402597
2111.818181818182,2875.090909090909
2112.012987012987,2870.279220779221
2112.2077922077924,2865.4675324675327
2112.4025974025976,2860.655844155844
2112.5974025974024,2855.844155844156
2112.7922077922076,2851.0324675324673
2112.987012987013,2846.220779220779
2113.181818181818,2841.409090909091
2113.3766233766232,2836.597402597403
2113.5714285714284,2831.785714285714
2113.7662337662337,2826.974025974026
2113.961038961039,2822.1623376623374
2114.155844155844,2817.3506493506493
2114.3506493506493,2812.538961038961
2114.5454545454545,2807.727272727273
2114.7402597402597,2802.9155844155844
2114.935064935065,2798.103896103896
2115.12987012987,2793.2922077922076
2115.3246753246754,2788.4805194805194
2115.5194805194806,2783.6688311688313
2115.714285714286,2778.857142857143
2115.909090909091,2774.0454545454545
2116.103896103896,2769.2337662337663
2116.2987012987014,2764.4220779220777
2116.4935064935066,2759.6103896103896
2116.688311688312,2754.7987012987014
2116.883116883117,2749.987012987013
2117.0779220779223,2745.1753246753246
2117.2727272727275,2740.3636363636365
2117.4675324675327,2735.551948051948
2117.6623376623374,2730.7402597402597
2117.8571428571427,2725.9285714285716
2118.051948051948,2721.116883116883
2118.246753246753,2716.305194805195
2118.4415584415583,2711.4935064935066
2118.6363636363635,2706.681818181818
2118.8311688311687,2701.87012987013
2119.025974025974,2697.0584415584417
2119.220779220779,2692.246753246753
2119.4155844155844,2687.435064935065
2119.6103896103896,2682.6233766233768
2119.805194805195,2677.811688311688
2120.0,2673.0
2119.905109489051,2668.094890510949
2119.810218978102,2663.189781021898
2119.715328467153,2658.284671532847
2119.6204379562046,2653.3795620437954
2119.5255474452556,2648.4744525547444
2119.4306569343066,2643.5693430656934
2119.3357664233577,2638.6642335766423
2119.2408759124087,2633.7591240875913
2119.1459854014597,2628.8540145985403
2119.0510948905107,2623.9489051094893
2118.956204379562,2619.043795620438
2118.8613138686133,2614.1386861313867
2118.7664233576643,2609.2335766423357
2118.6715328467153,2604.3284671532847
2118.5766423357663,2599.4233576642337
2118.4817518248174,2594.5182481751826
2118.3868613138684,2589.6131386861316
2118.29197080292,2584.70802919708
2118.197080291971,2579.802919708029
2118.102189781022,2574.897810218978
2118.007299270073,2569.992700729927
2117.912408759124,2565.087591240876
2117.817518248175,2560.182481751825
2117.7226277372265,2555.2773722627735
2117.6277372262775,2550.3722627737225
2117.5328467153286,2545.4671532846714
2117.4379562043796,2540.5620437956204
2117.3430656934306,2535.6569343065694
2117.2481751824816,2530.7518248175184
2117.1532846715327,2525.8467153284673
2117.058394160584,2520.941605839416
2116.963503649635,2516.036496350365
2116.868613138686,2511.131386861314
2116.7737226277372,2506.2262773722628
2116.6788321167883,2501.3211678832117
2116.5839416058393,2496.4160583941607
2116.4890510948903,2491.5109489051097
2116.394160583942,2486.605839416058
2116.299270072993,2481.700729927007
2116.204379562044,2476.795620437956
2116.109489051095,2471.890510948905
2116.014598540146,2466.985401459854
2115.919708029197,2462.080291970803
2115.824817518248,2457.175182481752
2115.7299270072995,2452.2700729927005
2115.6350364963505,2447.3649635036495
2115.5401459854015,2442.4598540145985
2115.4452554744526,2437.5547445255474
2115.3503649635036,2432.6496350364964
2115.2554744525546,2427.7445255474454
2115.1605839416056,2422.839416058394
2115.065693430657,2417.934306569343
2114.970802919708,2413.029197080292
2114.875912408759,2408.124087591241
2114.78102189781,2403.21897810219
2114.6861313868612,2398.3138686131388
2114.5912408759123,2393.4087591240877
2114.4963503649633,2388.5036496350367
2114.401459854015,2383.598540145985
2114.306569343066,2378.693430656934
2114.211678832117,2373.788321167883
2114.116788321168,2368.883211678832
2114.021897810219,2363.978102189781
2113.92700729927,2359.07299270073
2113.832116788321,2354.1678832116786
2113.7372262773724,2349.2627737226276
2113.6423357664235,2344.3576642335765
2113.5474452554745,2339.4525547445255
2113.4525547445255,2334.5474452554745
2113.3576642335765,2329.6423357664235
2113.2627737226276,2324.7372262773724
2113.167883211679,2319.8321167883214
2113.07299270073,2314.92700729927
2112.978102189781,2310.021897810219
2112.883211678832,2305.116788321168
2112.788321167883,2300.211678832117
2112.693430656934,2295.306569343066
2112.598540145985,2290.401459854015
2112.5036496350367,2285.4963503649633
2112.4087591240877,2280.5912408759123
2112.3138686131388,2275.6861313868612
2112.21897810219,2270.78102189781
2112.124087591241,2265.875912408759
2112.029197080292,2260.970802919708
2111.934306569343,2256.065693430657
2111.8394160583944,2251.1605839416056
2111.7445255474454,2246.2554744525546
2111.6496350364964,2241.3503649635036
2111.5547445255474,2236.4452554744526
2111.4598540145985,2231.5401459854015
2111.3649635036495,2226.6350364963505
2111.2700729927005,2221.729927007299
2111.175182481752,2216.824817518248
2111.080291970803,2211.919708029197
2110.985401459854,2207.014598540146
2110.890510948905,2202.109489051095
2110.795620437956,2197.204379562044
2110.700729927007,2192.299270072993
2110.605839416058,2187.394160583942
2110.5109489051097,2182.4890510948903
2110.4160583941607,2177.5839416058393
2110.3211678832117,2172.6788321167883
2110.2262773722628,2167.7737226277372
2110.131386861314,2162.868613138686
2110.036496350365,2157.9635036496347
2109.941605839416,2153.0583941605837
2109.8467153284673,2148.1532846715327
2109.7518248175184,2143.2481751824816
2109.6569343065694,2138.3430656934306
2109.5620437956204,2133.4379562043796
2109.4671532846714,2128.5328467153286
2109.3722627737225,2123.6277372262775
2109.2773722627735,2118.7226277372265
2109.182481751825,2113.817518248175
2109.087591240876,2108.912408759124
2108.992700729927,2104.007299270073
2108.897810218978,2099.102189781022
2108.802919708029,2094.197080291971
2108.70802919708,2089.2919708029194
2108.6131386861316,2084.3868613138684
2108.5182481751826,2079.4817518248174
2108.4233576642337,2074.5766423357663
2108.3284671532847,2069.6715328467153
2108.2335766423357,2064.7664233576643
2108.1386861313867,2059.8613138686133
2108.043795620438,2054.956204379562
2107.9489051094893,2050.051094890511
2107.8540145985403,2045.1459854014597
2107.7591240875913,2040.2408759124087
2107.6642335766423,2035.3357664233577
2107.5693430656934,2030.4306569343066
2107.4744525547444,2025.5255474452556
2107.3795620437954,2020.6204379562043
2107.284671532847,2015.715328467153
2107.189781021898,2010.810218978102
2107.094890510949,2005.905109489051
2107.0,2001.0
2107.3076923076924,1996.2692307692307
2107.6153846153848,1991.5384615384614
2107.923076923077,1986.8076923076924
2108.230769230769,1982.076923076923
2108.5384615384614,1977.3461538461538
2108.846153846154,1972.6153846153845
2109.153846153846,1967.8846153846155
2109.4615384615386,1963.1538461538462
2109.769230769231,1958.423076923077
2110.076923076923,1953.6923076923076
2110.3846153846152,1948.9615384615386
2110.6923076923076,1944.2307692307693
2111.0,1939.5
2111.3076923076924,1934.7692307692307
2111.6153846153848,1930.0384615384614
2111.923076923077,1925.3076923076924
2112.230769230769,1920.576923076923
2112.5384615384614,1915.8461538461538
2112.846153846154,1911.1153846153845
2113.153846153846,1906.3846153846155
2113.4615384615386,1901.6538461538462
2113.769230769231,1896.923076923077
2114.076923076923,1892.1923076923076
2114.3846153846152,1887.4615384615386
2114.6923076923076,1882.7307692307693
2115.0,1878.0
2115.3076923076924,1873.2692307692307
2115.6153846153848,1868.5384615384614
2115.923076923077,1863.8076923076924
2116.230769230769,1859.076923076923
2116.5384615384614,1854.3461538461538
2116.846153846154,1849.6153846153845
2117.153846153846,1844.8846153846155
2117.4615384615386,1840.1538461538462
2117.769230769231,1835.423076923077
2118.076923076923,1830.6923076923076
2118.3846153846152,1825.9615384615386
2118.6923076923076,1821.2307692307693
2119.0,1816.5
2119.3076923076924,1811.7692307692307
2119.6153846153848,1807.0384615384614
2119.923076923077,1802.3076923076924
2120.230769230769,1797.576923076923
2120.5384615384614,1792.8461538461538
2120.846153846154,1788.1153846153845
2121.153846153846,1783.3846153846155
2121.4615384615386,1778.6538461538462
2121.769230769231,1773.923076923077
2122.076923076923,1769.1923076923076
2122.3846153846152,1764.4615384615386
2122.6923076923076,1759.7307692307693
2123.0,1755.0
2123.3076923076924,1750.2692307692307
2123.6153846153848,1745.5384615384614
2123.923076923077,1740.8076923076924
2124.230769230769,1736.076923076923
2124.5384615384614,1731.3461538461538
2124.846153846154,1726.6153846153845
2125.153846153846,1721.8846153846152
2125.4615384615386,1717.1538461538462
2125.769230769231,1712.423076923077
2126.076923076923,1707.6923076923076
2126.3846153846152,1702.9615384615386
2126.6923076923076,1698.2307692307693
2127.0,1693.5
2127.3076923076924,1688.7692307692307
2127.6153846153848,1684.0384615384614
2127.923076923077,1679.3076923076924
2128.230769230769,1674.576923076923
2128.5384615384614,1669.8461538461538
2128.846153846154,1665.1153846153845
2129.153846153846,1660.3846153846152
2129.4615384615386,1655.6538461538462
2129.769230769231,1650.923076923077
2130.076923076923,1646.1923076923076
2130.3846153846152,1641.4615384615386
2130.6923076923076,1636.7307692307693
2131.0,1632.0
2136.0137931034483,1632.0
2141.0275862068966,1632.0
2146.041379310345,1632.0
2151.055172413793,1632.0
2156.0689655172414,1632.0
2161.0827586206897,1632.0
2166.096551724138,1632.0
2171.1103448275862,1632.0
2176.1241379310345,1632.0
2181.137931034483,1632.0
2186.151724137931,1632.0
2191.1655172413793,1632.0
2196.1793103448276,1632.0
2201.193103448276,1632.0
2206.206896551724,1632.0
2211.2206896551725,1632.0
2216.2344827586207,1632.0
2221.248275862069,1632.0
2226.2620689655173,1632.0
2231.2758620689656,1632.0
2236.289655172414,1632.0
2241.303448275862,1632.0
2246.3172413793104,1632.0
2251.3310344827587,1632.0
2256.344827586207,1632.0
2261.3586206896553,1632.0
2266.3724137931035,1632.0
2271.386206896552,1632.0
2276.4,1632.0
2281.4137931034484,1632.0
2286.4275862068966,1632.0
2291.441379310345,1632.0
2296.455172413793,1632.0
2301.4689655172415,1632.0
2306.4827586206898,1632.0
2311.496551724138,1632.0
2316.5103448275863,1632.0
2321.5241379310346,1632.0
2326.537931034483,1632.0
2331.551724137931,1632.0
2336.5655172413794,1632.0
2341.5793103448277,1632.0
2346.593103448276,1632.0
2351.6068965517243,1632.0
2356.6206896551726,1632.0
2361.634482758621,1632.0
2366.648275862069,1632.0
2371.6620689655174,1632.0
2376.6758620689657,1632.0
2381.689655172414,1632.0
2386.7034482758622,1632.0
2391.7172413793105,1632.0
2396.731034482759,1632.0
2401.744827586207,1632.0
2406.7586206896553,1632.0
2411.7724137931036,1632.0
2416.7862068965514,1632.0
2421.8,1632.0
2426.813793103448,1632.0
2431.8275862068967,1632.0
2436.8413793103446,1632.0
2441.8551724137933,1632.0
2446.868965517241,1632.0
2451.88275862069,1632.0
2456.8965517241377,1632.0
2461.9103448275864,1632.0
2466.9241379310342,1632.0
2471.937931034483,1632.0
2476.951724137931,1632.0
2481.9655172413795,1632.0
2486.9793103448274,1632.0
2491.993103448276,1632.0
2497.006896551724,1632.0
2502.020689655172,1632.0
2507.0344827586205,1632.0
2512.0482758620687,1632.0
2517.062068965517,1632.0
2522.0758620689653,1632.0
2527.0896551724136,1632.0
2532.103448275862,1632.0
2537.11724137931,1632.0
2542.1310344827584,1632.0
2547.1448275862067,1632.0
2552.158620689655,1632.0
2557.1724137931033,1632.0
2562.1862068965515,1632.0
2567.2,1632.0
2572.213793103448,1632.0
2577.2275862068964,1632.0
2582.2413793103447,1632.0
2587.255172413793,1632.0
2592.268965517241,1632.0
2597.2827586206895,1632.0
2602.2965517241378,1632.0
2607.310344827586,1632.0
2612.3241379310343,1632.0
2617.3379310344826,1632.0
2622.351724137931,1632.0
2627.365517241379,1632.0
2632.3793103448274,1632.0
2637.3931034482757,1632.0
2642.406896551724,1632.0
2647.4206896551723,1632.0
2652.4344827586206,1632.0
2657.448275862069,1632.0
2662.462068965517,1632.0
2667.4758620689654,1632.0
2672.4896551724137,1632.0
2677.503448275862,1632.0
2682.5172413793102,1632.0
2687.5310344827585,1632.0
2692.544827586207,1632.0
2697.558620689655,1632.0
2702.5724137931034,1632.0
2707.5862068965516,1632.0
2712.6,1632.0
2717.613793103448,1632.0
2722.6275862068965,1632.0
2727.6413793103447,1632.0
2732.655172413793,1632.0
2737.6689655172413,1632.0
2742.6827586206896,1632.0
2747.696551724138,1632.0
2752.710344827586,1632.0
2757.7241379310344,1632.0
2762.7379310344827,1632.0
2767.751724137931,1632.0
2772.7655172413793,1632.0
2777.7793103448275,1632.0
2782.793103448276,1632.0
2787.806896551724,1632.0
2792.8206896551724,1632.0
2797.8344827586207,1632.0
2802.848275862069,1632.0
2807.862068965517,1632.0
2812.8758620689655,1632.0
2817.8896551724138,1632.0
2822.903448275862,1632.0
2827.9172413793103,1632.0
2832.9310344827586,1632.0
2837.944827586207,1632.0
2842.958620689655,1632.0
2847.9724137931034,1632.0
2852.9862068965517,1632.0
2858.0,1632.0
2862.6341463414633,1632.3902439024391
2867.268292682927,1632.780487804878
2871.9024390243903,1633.1707317073171
2876.5365853658536,1633.560975609756
2881.170731707317,1633.9512195121952
2885.8048780487807,1634.341463414634
2890.439024390244,1634.7317073170732
2895.0731707317073,1635.121951219512
2899.7073170731705,1635.5121951219512
2904.3414634146343,1635.9024390243903
2908.9756097560976,1636.2926829268292
2913.609756097561,1636.6829268292684
2918.243902439024,1637.0731707317073
2922.878048780488,1637.4634146341464
2927.512195121951,1637.8536585365853
2932.1463414634145,1638.2439024390244
2936.7804878048782,1638.6341463414635
2941.4146341463415,1639.0243902439024
2946.048780487805,1639.4146341463415
2950.682926829268,1639.8048780487804
2955.317073170732,1640.1951219512196
2959.951219512195,1640.5853658536585
2964.5853658536585,1640.9756097560976
2969.2195121951218,1641.3658536585365
2973.8536585365855,1641.7560975609756
2978.487804878049,1642.1463414634147
2983.121951219512,1642.5365853658536
2987.756097560976,1642.9268292682927
2992.390243902439,1643.3170731707316
2997.0243902439024,1643.7073170731708
3001.6585365853657,1644.0975609756097
3006.2926829268295,1644.4878048780488
3010.9268292682927,1644.878048780488
3015.560975609756,1645.2682926829268
3020.1951219512193,1645.658536585366
3024.829268292683,1646.0487804878048
3029.4634146341464,1646.439024390244
3034.0975609756097,1646.8292682926829
3038.731707317073,1647.219512195122
3043.3658536585367,1647.6097560975609
3048.0,1648.0
3052.6341463414633,1648.3902439024391
3057.2682926829266,1648.780487804878
3061.9024390243903,1649.1707317073171
3066.5365853658536,1649.560975609756
3071.170731707317,1649.9512195121952
3075.8048780487807,1650.341463414634
3080.439024390244,1650.7317073170732
3085.0731707317073,1651.121951219512
3089.7073170731705,1651.5121951219512
3094.3414634146343,1651.9024390243903
3098.9756097560976,1652.2926829268292
3103.609756097561,1652.6829268292684
3108.243902439024,1653.0731707317073
3112.878048780488,1653.4634146341464
3117.512195121951,1653.8536585365853
3122.1463414634145,1654.2439024390244
3126.7804878048782,1654.6341463414635
3131.4146341463415,1655.0243902439024
3136.048780487805,1655.4146341463415
3140.682926829268,1655.8048780487804
3145.317073170732,1656.1951219512196
3149.951219512195,1656.5853658536585
3154.5853658536585,1656.9756097560976
3159.2195121951218,1657.3658536585365
3163.8536585365855,1657.7560975609756
3168.487804878049,1658.1463414634147
3173.121951219512,1658.5365853658536
3177.756097560976,1658.9268292682927
3182.390243902439,1659.3170731707316
3187.0243902439024,1659.7073170731708
3191.6585365853657,1660.0975609756097
3196.292682926829,1660.4878048780488
3200.9268292682927,1660.878048780488
3205.560975609756,1661.2682926829268
3210.1951219512193,1661.658536585366
3214.829268292683,1662.0487804878048
3219.4634146341464,1662.439024390244
3224.0975609756097,1662.8292682926829
3228.731707317073,1663.219512195122
3233.3658536585367,1663.6097560975609
3238.0,1664.0
3238.0081967213114,1669.0040983606557
3238.0163934426228,1674.0081967213114
3238.0245901639346,1679.0122950819673
3238.032786885246,1684.016393442623
3238.0409836065573,1689.0204918032787
3238.0491803278687,1694.0245901639344
3238.05737704918,1699.02868852459
3238.065573770492,1704.032786885246
3238.0737704918033,1709.0368852459017
3238.0819672131147,1714.0409836065573
3238.090163934426,1719.045081967213
3238.098360655738,1724.049180327869
3238.1065573770493,1729.0532786885246
3238.1147540983607,1734.0573770491803
3238.122950819672,1739.061475409836
3238.1311475409834,1744.0655737704917
3238.1393442622953,1749.0696721311476
3238.1475409836066,1754.0737704918033
3238.155737704918,1759.077868852459
3238.1639344262294,1764.0819672131147
3238.1721311475408,1769.0860655737706
3238.1803278688526,1774.0901639344263
3238.188524590164,1779.094262295082
3238.1967213114754,1784.0983606557377
3238.2049180327867,1789.1024590163934
3238.2131147540986,1794.1065573770493
3238.22131147541,1799.110655737705
3238.2295081967213,1804.1147540983607
3238.2377049180327,1809.1188524590164
3238.245901639344,1814.122950819672
3238.254098360656,1819.127049180328
3238.2622950819673,1824.1311475409836
3238.2704918032787,1829.1352459016393
3238.27868852459,1834.139344262295
3238.2868852459014,1839.1434426229507
3238.2950819672133,1844.1475409836066
3238.3032786885246,1849.1516393442623
3238.311475409836,1854.155737704918
3238.3196721311474,1859.1598360655737
3238.3278688524592,1864.1639344262296
3238.3360655737706,1869.1680327868853
3238.344262295082,1874.172131147541
3238.3524590163934,1879.1762295081967
3238.3606557377047,1884.1803278688526
3238.3688524590166,1889.1844262295083
3238.377049180328,1894.188524590164
3238.3852459016393,1899.1926229508197
3238.3934426229507,1904.1967213114754
3238.401639344262,1909.2008196721313
3238.409836065574,1914.204918032787
3238.4180327868853,1919.2090163934427
3238.4262295081967,1924.2131147540983
3238.434426229508,1929.217213114754
3238.44262295082,1934.22131147541
3238.4508196721313,1939.2254098360656
3238.4590163934427,1944.2295081967213
3238.467213114754,1949.233606557377
3238.4754098360654,1954.2377049180327
3238.4836065573772,1959.2418032786886
3238.4918032786886,1964.2459016393443
3238.5,1969.25
3238.5081967213114,1974.2540983606557
3238.5163934426228,1979.2581967213114
3238.5245901639346,1984.2622950819673
3238.532786885246,1989.266393442623
3238.5409836065573,1994.2704918032787
3238.5491803278687,1999.2745901639346
3238.55737704918,2004.27868852459
3238.565573770492,2009.282786885246
3238.5737704918033,2014.2868852459017
3238.5819672131147,2019.2909836065573
3238.590163934426,2024.2950819672133
3238.598360655738,2029.299180327869
3238.6065573770493,2034.3032786885246
3238.6147540983607,2039.3073770491803
3238.622950819672,2044.311475409836
3238.6311475409834,2049.315573770492
3238.6393442622953,2054.3196721311474
3238.6475409836066,2059.3237704918033
3238.655737704918,2064.3278688524592
3238.6639344262294,2069.3319672131147
3238.6721311475408,2074.3360655737706
3238.6803278688526,2079.340163934426
3238.688524590164,2084.344262295082
3238.6967213114754,2089.348360655738
3238.7049180327867,2094.3524590163934
3238.7131147540986,2099.3565573770493
3238.72131147541,2104.360655737705
3238.7295081967213,2109.3647540983607
3238.7377049180327,2114.3688524590166
3238.745901639344,2119.372950819672
3238.754098360656,2124.377049180328
3238.7622950819673,2129.381147540984
3238.7704918032787,2134.3852459016393
3238.77868852459,2139.3893442622953
3238.7868852459014,2144.3934426229507
3238.7950819672133,2149.3975409836066
3238.8032786885246,2154.4016393442625
3238.811475409836,2159.405737704918
3238.8196721311474,2164.409836065574
3238.8278688524592,2169.4139344262294
3238.8360655737706,2174.4180327868853
3238.844262295082,2179.422131147541
3238.8524590163934,2184.4262295081967
3238.8606557377047,2189.4303278688526
3238.8688524590166,2194.434426229508
3238.877049180328,2199.438524590164
3238.8852459016393,2204.44262295082
3238.8934426229507,2209.4467213114754
3238.901639344262,2214.4508196721313
3238.909836065574,2219.4549180327867
3238.9180327868853,2224.4590163934427
3238.9262295081967,2229.4631147540986
3238.934426229508,2234.467213114754
3238.94262295082,2239.47131147541
3238.9508196721313,2244.4754098360654
3238.9590163934427,2249.4795081967213
3238.967213114754,2254.4836065573772
3238.9754098360654,2259.4877049180327
3238.9836065573772,2264.4918032786886
3238.9918032786886,2269.495901639344
3239.0,2274.5
3239.0081967213114,2279.504098360656
3239.0163934426228,2284.5081967213114
3239.0245901639346,2289.5122950819673
3239.032786885246,2294.5163934426228
3239.0409836065573,2299.5204918032787
3239.0491803278687,2304.5245901639346
3239.05737704918,2309.52868852459
3239.065573770492,2314.532786885246
3239.0737704918033,2319.5368852459014
3239.0819672131147,2324.5409836065573
3239.090163934426,2329.5450819672133
3239.098360655738,2334.549180327869
3239.1065573770493,2339.5532786885246
3239.1147540983607,2344.55737704918
3239.122950819672,2349.561475409836
3239.1311475409834,2354.565573770492
3239.1393442622953,2359.569672131148
3239.1475409836066,2364.5737704918033
3239.155737704918,2369.5778688524592
3239.1639344262294,2374.5819672131147
3239.1721311475408,2379.5860655737706
3239.1803278688526,2384.5901639344265
3239.188524590164,2389.594262295082
3239.1967213114754,2394.598360655738
3239.2049180327867,2399.6024590163934
3239.2131147540986,2404.6065573770493
3239.22131147541,2409.610655737705
3239.2295081967213,2414.6147540983607
3239.2377049180327,2419.6188524590166
3239.245901639344,2424.622950819672
3239.254098360656,2429.627049180328
3239.2622950819673,2434.631147540984
3239.2704918032787,2439.6352459016393
3239.27868852459,2444.6393442622953
3239.2868852459014,2449.6434426229507
3239.2950819672133,2454.6475409836066
3239.3032786885246,2459.6516393442625
3239.311475409836,2464.655737704918
3239.3196721311474,2469.659836065574
3239.3278688524592,2474.6639344262294
3239.3360655737706,2479.6680327868853
3239.344262295082,2484.672131147541
3239.3524590163934,2489.6762295081967
3239.3606557377047,2494.6803278688526
3239.3688524590166,2499.684426229508
3239.377049180328,2504.688524590164
3239.3852459016393,2509.69262295082
3239.3934426229507,2514.6967213114754
3239.401639344262,2519.7008196721313
3239.409836065574,2524.7049180327867
3239.4180327868853,2529.7090163934427
3239.4262295081967,2534.7131147540986
3239.434426229508,2539.717213114754
3239.44262295082,2544.72131147541
3239.4508196721313,2549.7254098360654
3239.4590163934427,2554.7295081967213
3239.467213114754,2559.7336065573772
3239.4754098360654,2564.7377049180327
3239.4836065573772,2569.7418032786886
3239.4918032786886,2574.745901639344
3239.5,2579.75
3239.5081967213114,2584.754098360656
3239.5163934426228,2589.7581967213114
3239.5245901639346,2594.7622950819673
3239.532786885246,2599.7663934426228
3239.5409836065573,2604.7704918032787
3239.5491803278687,2609.7745901639346
3239.55737704918,2614.7786885245905
3239.565573770492,2619.782786885246
3239.5737704918033,2624.7868852459014
3239.5819672131147,2629.7909836065573
3239.590163934426,2634.7950819672133
3239.598360655738,2639.799180327869
3239.6065573770493,2644.8032786885246
3239.6147540983607,2649.8073770491806
3239.622950819672,2654.811475409836
3239.6311475409834,2659.815573770492
3239.6393442622953,2664.819672131148
3239.6475409836066,2669.8237704918033
3239.655737704918,2674.8278688524592
3239.6639344262294,2679.8319672131147
3239.6721311475408,2684.8360655737706
3239.6803278688526,2689.8401639344265
3239.688524590164,2694.844262295082
3239.6967213114754,2699.8483606557375
3239.7049180327867,2704.8524590163934
3239.7131147540986,2709.8565573770493
3239.72131147541,2714.860655737705
3239.7295081967213,2719.8647540983607
3239.7377049180327,2724.8688524590166
3239.745901639344,2729.872950819672
3239.754098360656,2734.877049180328
3239.7622950819673,2739.881147540984
3239.7704918032787,2744.8852459016393
3239.77868852459,2749.8893442622953
3239.7868852459014,2754.8934426229507
3239.7950819672133,2759.8975409836066
3239.8032786885246,2764.9016393442625
3239.811475409836,2769.905737704918
3239.8196721311474,2774.909836065574
3239.8278688524592,2779.9139344262294
3239.8360655737706,2784.9180327868853
3239.844262295082,2789.922131147541
3239.8524590163934,2794.926229508197
3239.8606557377047,2799.9303278688526
3239.8688524590166,2804.934426229508
3239.877049180328,2809.938524590164
3239.8852459016393,2814.94262295082
3239.8934426229507,2819.946721311476
3239.901639344262,2824.9508196721313
3239.909836065574,2829.9549180327867
3239.9180327868853,2834.9590163934427
3239.9262295081967,2839.9631147540986
3239.934426229508,2844.9672131147545
3239.94262295082,2849.97131147541
3239.9508196721313,2854.9754098360654
3239.9590163934427,2859.9795081967213
3239.967213114754,2864.9836065573772
3239.9754098360654,2869.987704918033
3239.9836065573772,2874.9918032786886
3239.9918032786886,2879.995901639344
3240.0,2885.0
3240.0,2890.038095238095
3240.0,2895.0761904761903
3240.0,2900.114285714286
3240.0,2905.152380952381
3240.0,2910.190476190476
3240.0,2915.2285714285713
3240.0,2920.266666666667
3240.0,2925.304761904762
3240.0,2930.342857142857
3240.0,2935.3809523809523
3240.0,2940.4190476190474
3240.0,2945.457142857143
3240.0,2950.495238095238
3240.0,2955.5333333333333
3240.0,2960.5714285714284
3240.0,2965.609523809524
3240.0,2970.647619047619
3240.0,2975.6857142857143
3240.0,2980.7238095238095
3240.0,2985.7619047619046
3240.0,2990.8
3240.0,2995.8380952380953
3240.0,3000.8761904761905
3240.0,3005.9142857142856
3240.0,3010.9523809523807
3240.0,3015.9904761904763
3240.0,3021.0285714285715
3240.0,3026.0666666666666
3240.0,3031.1047619047617
3240.0,3036.1428571428573
3240.0,3041.1809523809525
3240.0,3046.2190476190476
3240.0,3051.2571428571428
3240.0,3056.295238095238
3240.0,3061.3333333333335
3240.0,3066.3714285714286
3240.0,3071.4095238095238
3240.0,3076.447619047619
3240.0,3081.4857142857145
3240.0,3086.5238095238096
3240.0,3091.5619047619048
3240.0,3096.6
3240.0,3101.638095238095
3240.0,3106.6761904761906
3240.0,3111.714285714286
3240.0,3116.752380952381
3240.0,3121.790476190476
3240.0,3126.828571428571
3240.0,3131.866666666667
3240.0,3136.904761904762
3240.0,3141.942857142857
3240.0,3146.980952380952
3240.0,3152.019047619048
3240.0,3157.057142857143
3240.0,3162.095238095238
3240.0,3167.133333333333
3240.0,3172.171428571429
3240.0,3177.209523809524
3240.0,3182.247619047619
3240.0,3187.285714285714
3240.0,3192.3238095238094
3240.0,3197.361904761905
3240.0,3202.4
3240.0,3207.4380952380952
3240.0,3212.4761904761904
3240.0,3217.5142857142855
3240.0,3222.552380952381
3240.0,3227.5904761904762
3240.0,3232.6285714285714
3240.0,3237.6666666666665
3240.0,3242.7047619047617
3240.0,3247.7428571428572
3240.0,3252.7809523809524
3240.0,3257.8190476190475
3240.0,3262.8571428571427
3240.0,3267.8952380952383
3240.0,3272.9333333333334
3240.0,3277.9714285714285
3240.0,3283.0095238095237
3240.0,3288.0476190476193
3240.0,3293.0857142857144
3240.0,3298.1238095238095
3240.0,3303.1619047619047
3240.0,3308.2
3240.0,3313.2380952380954
3240.0,3318.2761904761905
3240.0,3323.3142857142857
3240.0,3328.352380952381
3240.0,3333.390476190476
3240.0,3338.4285714285716
3240.0,3343.4666666666667
3240.0,3348.504761904762
3240.0,3353.542857142857
3240.0,3358.580952380952
3240.0,3363.6190476190477
3240.0,3368.657142857143
3240.0,3373.695238095238
3240.0,3378.7333333333336
3240.0,3383.7714285714287
3240.0,3388.809523809524
3240.0,3393.847619047619
3240.0,3398.885714285714
3240.0,3403.9238095238097
3240.0,3408.961904761905
3240.0,3414.0
3235.194805194805,3413.805194805195
3230.3896103896104,3413.6103896103896
3225.5844155844156,3413.4155844155844
3220.779220779221,3413.220779220779
3215.974025974026,3413.025974025974
3211.1688311688313,3412.8311688311687
3206.3636363636365,3412.6363636363635
3201.5584415584417,3412.4415584415583
3196.753246753247,3412.246753246753
3191.948051948052,3412.051948051948
3187.1428571428573,3411.8571428571427
3182.3376623376626,3411.6623376623374
3177.5324675324673,3411.4675324675327
3172.7272727272725,3411.2727272727275
3167.9220779220777,3411.0779220779223
3163.116883116883,3410.883116883117
3158.311688311688,3410.688311688312
3153.5064935064934,3410.4935064935066
3148.7012987012986,3410.2987012987014
3143.896103896104,3410.103896103896
3139.090909090909,3409.909090909091
3134.285714285714,3409.714285714286
3129.4805194805194,3409.5194805194806
3124.6753246753246,3409.3246753246754
3119.87012987013,3409.12987012987
3115.064935064935,3408.935064935065
3110.2597402597403,3408.7402597402597
3105.4545454545455,3408.5454545454545
3100.6493506493507,3408.3506493506493
3095.844155844156,3408.155844155844
3091.038961038961,3407.961038961039
3086.2337662337663,3407.7662337662337
3081.4285714285716,3407.5714285714284
3076.6233766233768,3407.3766233766232
3071.818181818182,3407.181818181818
3067.012987012987,3406.987012987013
3062.2077922077924,3406.7922077922076
3057.402597402597,3406.5974025974024
3052.597402597403,3406.4025974025976
3047.7922077922076,3406.2077922077924
3042.987012987013,3406.012987012987
3038.181818181818,3405.818181818182
3033.3766233766232,3405.6233766233768
3028.5714285714284,3405.4285714285716
3023.7662337662337,3405.2337662337663
3018.961038961039,3405.038961038961
3014.155844155844,3404.844155844156
3009.3506493506493,3404.6493506493507
3004.5454545454545,3404.4545454545455
2999.7402597402597,3404.2597402597403
2994.935064935065,3404.064935064935
2990.12987012987,3403.87012987013
2985.3246753246754,3403.6753246753246
2980.5194805194806,3403.4805194805194
2975.714285714286,3403.285714285714
2970.909090909091,3403.090909090909
2966.103896103896,3402.896103896104
2961.2987012987014,3402.7012987012986
2956.4935064935066,3402.5064935064934
2951.688311688312,3402.311688311688
2946.883116883117,3402.116883116883
2942.0779220779223,3401.9220779220777
2937.272727272727,3401.7272727272725
2932.4675324675327,3401.5324675324673
2927.6623376623374,3401.3376623376626
2922.8571428571427,3401.1428571428573
2918.051948051948,3400.948051948052
2913.246753246753,3400.753246753247
2908.4415584415583,3400.5584415584417
2903.6363636363635,3400.3636363636365
2898.8311688311687,3400.1688311688313
2894.025974025974,3399.974025974026
2889.220779220779,3399.779220779221
2884.4155844155844,3399.5844155844156
2879.6103896103896,3399.3896103896104
2874.805194805195,3399.194805194805
2870.0,3399.0
2869.894230769231,3394.105769230769
2869.7884615384614,3389.2115384615386
2869.6826923076924,3384.3173076923076
2869.576923076923,3379.423076923077
2869.471153846154,3374.528846153846
2869.3653846153848,3369.6346153846152
2869.2596153846152,3364.7403846153848
2869.153846153846,3359.846153846154
2869.048076923077,3354.951923076923
2868.9423076923076,3350.0576923076924
2868.8365384615386,3345.1634615384614
2868.730769230769,3340.269230769231
2868.625,3335.375
2868.519230769231,3330.480769230769
2868.4134615384614,3325.5865384615386
2868.3076923076924,3320.6923076923076
2868.201923076923,3315.798076923077
2868.096153846154,3310.903846153846
2867.9903846153848,3306.0096153846152
2867.8846153846152,3301.1153846153848
2867.778846153846,3296.221153846154
2867.673076923077,3291.326923076923
2867.5673076923076,3286.4326923076924
2867.4615384615386,3281.5384615384614
2867.355769230769,3276.644230769231
2867.25,3271.75
2867.144230769231,3266.855769230769
2867.0384615384614,3261.9615384615386
2866.9326923076924,3257.0673076923076
2866.826923076923,3252.173076923077
2866.721153846154,3247.278846153846
2866.6153846153848,3242.3846153846152
2866.5096153846152,3237.4903846153848
2866.403846153846,3232.596153846154
2866.298076923077,3227.701923076923
2866.1923076923076,3222.8076923076924
2866.0865384615386,3217.9134615384614
2865.980769230769,3213.019230769231
2865.875,3208.125
2865.769230769231,3203.230769230769
2865.6634615384614,3198.3365384615386
2865.5576923076924,3193.4423076923076
2865.451923076923,3188.548076923077
2865.346153846154,3183.653846153846
2865.2403846153848,3178.7596153846152
2865.1346153846152,3173.8653846153848
2865.028846153846,3168.971153846154
2864.923076923077,3164.076923076923
2864.8173076923076,3159.1826923076924
2864.7115384615386,3154.2884615384614
2864.605769230769,3149.394230769231
2864.5,3144.5
2864.394230769231,3139.605769230769
2864.2884615384614,3134.7115384615386
2864.1826923076924,3129.8173076923076
2864.076923076923,3124.923076923077
2863.971153846154,3120.028846153846
2863.8653846153848,3115.1346153846152
2863.7596153846152,3110.2403846153848
2863.653846153846,3105.346153846154
2863.548076923077,3100.451923076923
2863.4423076923076,3095.5576923076924
2863.3365384615386,3090.6634615384614
2863.230769230769,3085.769230769231
2863.125,3080.875
2863.019230769231,3075.980769230769
2862.9134615384614,3071.0865384615386
2862.8076923076924,3066.1923076923076
2862.701923076923,3061.298076923077
2862.596153846154,3056.403846153846
2862.4903846153848,3051.5096153846152
2862.3846153846152,3046.6153846153848
2862.278846153846,3041.721153846154
2862.173076923077,3036.826923076923
2862.0673076923076,3031.9326923076924
2861.9615384615386,3027.0384615384614
2861.855769230769,3022.144230769231
2861.75,3017.25
2861.644230769231,3012.355769230769
2861.5384615384614,3007.4615384615386
2861.4326923076924,3002.5673076923076
2861.326923076923,2997.673076923077
2861.221153846154,2992.778846153846
2861.1153846153848,2987.8846153846152
2861.0096153846152,2982.9903846153848
2860.903846153846,2978.096153846154
2860.798076923077,2973.201923076923
2860.6923076923076,2968.3076923076924
2860.5865384615386,2963.4134615384614
2860.480769230769,2958.519230769231
2860.375,2953.625
2860.269230769231,2948.730769230769
2860.1634615384614,2943.8365384615386
2860.0576923076924,2938.9423076923076
2859.951923076923,2934.048076923077
2859.846153846154,2929.153846153846
2859.7403846153848,2924.2596153846152
2859.6346153846152,2919.3653846153848
2859.528846153846,2914.471153846154
2859.423076923077,2909.576923076923
2859.3173076923076,2904.6826923076924
2859.2115384615386,2899.7884615384614
2859.105769230769,2894.894230769231
2859.0,2890.0
2854.1866666666665,2890.213333333333
2849.3733333333334,2890.4266666666667
2844.56,2890.64
2839.7466666666664,2890.8533333333335
2834.9333333333334,2891.0666666666666
2830.12,2891.28
2825.306666666667,2891.4933333333333
2820.4933333333333,2891.7066666666665
2815.68,2891.92
2810.866666666667,2892.133333333333
2806.0533333333333,2892.346666666667
2801.24,2892.56
2796.4266666666667,2892.7733333333335
2791.6133333333332,2892.9866666666667
2786.8,2893.2
2781.9866666666667,2893.4133333333334
2777.173333333333,2893.6266666666666
2772.36,2893.84
2767.5466666666666,2894.0533333333333
2762.733333333333,2894.266666666667
2757.92,2894.48
2753.1066666666666,2894.693333333333
2748.2933333333335,2894.9066666666668
2743.48,2895.12
2738.6666666666665,2895.3333333333335
2733.8533333333335,2895.5466666666666
2729.04,2895.76
2724.2266666666665,2895.9733333333334
2719.4133333333334,2896.1866666666665
2714.6,2896.4
2709.786666666667,2896.6133333333332
2704.9733333333334,2896.826666666667
2700.16,2897.04
2695.346666666667,2897.2533333333336
2690.5333333333333,2897.4666666666667
2685.72,2897.68
2680.9066666666668,2897.8933333333334
2676.0933333333332,2898.1066666666666
2671.28,2898.32
2666.4666666666667,2898.5333333333333
2661.653333333333,2898.7466666666664
2656.84,2898.96
2652.0266666666666,2899.173333333333
2647.213333333333,2899.3866666666668
2642.4,2899.6
2637.5866666666666,2899.8133333333335
2632.7733333333335,2900.0266666666666
2627.96,2900.24
2623.1466666666665,2900.4533333333334
2618.3333333333335,2900.6666666666665
2613.52,2900.88
2608.7066666666665,2901.0933333333332
2603.8933333333334,2901.306666666667
2599.08,2901.52
2594.2666666666664,2901.733333333333
2589.4533333333334,2901.9466666666667
2584.64,2902.16
2579.826666666667,2902.3733333333334
2575.0133333333333,2902.5866666666666
2570.2,2902.8
2565.3866666666668,2903.0133333333333
2560.5733333333333,2903.2266666666665
2555.76,2903.44
2550.9466666666667,2903.653333333333
2546.133333333333,2903.866666666667
2541.32,2904.08
2536.5066666666667,2904.2933333333335
2531.693333333333,2904.5066666666667
2526.88,2904.72
2522.0666666666666,2904.9333333333334
2517.253333333333,2905.1466666666665
2512.44,2905.36
2507.6266666666666,2905.5733333333333
2502.8133333333335,2905.786666666667
2498.0,2906.0
2498.041958041958,2901.041958041958
2498.083916083916,2896.083916083916
2498.125874125874,2891.125874125874
2498.1678321678323,2886.1678321678323
2498.2097902097903,2881.2097902097903
2498.2517482517483,2876.2517482517483
2498.2937062937062,2871.2937062937062
2498.335664335664,2866.335664335664
2498.377622377622,2861.377622377622
2498.4195804195806,2856.4195804195806
2498.4615384615386,2851.4615384615386
2498.5034965034965,2846.5034965034965
2498.5454545454545,2841.5454545454545
2498.5874125874125,2836.5874125874125
2498.6293706293704,2831.6293706293704
2498.671328671329,2826.671328671329
2498.713286713287,2821.713286713287
2498.755244755245,2816.755244755245
2498.7972027972028,2811.7972027972028
2498.8391608391607,2806.8391608391607
2498.8811188811187,2801.8811188811187
2498.923076923077,2796.923076923077
2498.965034965035,2791.965034965035
2499.006993006993,2787.006993006993
2499.048951048951,2782.048951048951
2499.090909090909,2777.090909090909
2499.132867132867,2772.132867132867
2499.1748251748254,2767.174825174825
2499.2167832167834,2762.2167832167834
2499.2587412587413,2757.2587412587413
2499.3006993006993,2752.3006993006993
2499.3426573426573,2747.3426573426573
2499.3846153846152,2742.3846153846152
2499.426573426573,2737.426573426573
2499.4685314685316,2732.4685314685316
2499.5104895104896,2727.5104895104896
2499.5524475524476,2722.5524475524476
2499.5944055944055,2717.5944055944055
2499.6363636363635,2712.6363636363635
2499.6783216783215,2707.6783216783215
2499.72027972028,2702.72027972028
2499.762237762238,2697.762237762238
2499.804195804196,2692.804195804196
2499.846153846154,2687.846153846154
2499.888111888112,2682.888111888112
2499.9300699300697,2677.9300699300697
2499.972027972028,2672.9720279720277
2500.013986013986,2668.013986013986
2500.055944055944,2663.055944055944
2500.097902097902,2658.097902097902
2500.13986013986,2653.13986013986
2500.181818181818,2648.181818181818
2500.2237762237764,2643.2237762237764
2500.2657342657344,2638.2657342657344
2500.3076923076924,2633.3076923076924
2500.3496503496503,2628.3496503496503
2500.3916083916083,2623.3916083916083
2500.4335664335663,2618.4335664335663
2500.4755244755243,2613.4755244755243
2500.5174825174827,2608.5174825174827
2500.5594405594406,2603.5594405594406
2500.6013986013986,2598.6013986013986
2500.6433566433566,2593.6433566433566
2500.6853146853146,2588.6853146853146
2500.7272727272725,2583.7272727272725
2500.769230769231,2578.769230769231
2500.811188811189,2573.811188811189
2500.853146853147,2568.853146853147
2500.895104895105,2563.895104895105
2500.937062937063,2558.937062937063
2500.979020979021,2553.979020979021
2501.020979020979,2549.020979020979
2501.062937062937,2544.062937062937
2501.104895104895,2539.104895104895
2501.146853146853,2534.146853146853
2501.188811188811,2529.188811188811
2501.230769230769,2524.230769230769
2501.2727272727275,2519.272727272727
2501.3146853146854,2514.3146853146854
2501.3566433566434,2509.3566433566434
2501.3986013986014,2504.3986013986014
2501.4405594405594,2499.4405594405594
2501.4825174825173,2494.4825174825173
2501.5244755244757,2489.5244755244757
2501.5664335664337,2484.5664335664337
2501.6083916083917,2479.6083916083917
2501.6503496503497,2474.6503496503497
2501.6923076923076,2469.6923076923076
2501.7342657342656,2464.7342657342656
2501.7762237762236,2459.7762237762236
2501.818181818182,2454.818181818182
2501.86013986014,2449.86013986014
2501.902097902098,2444.902097902098
2501.944055944056,2439.944055944056
2501.986013986014,2434.986013986014
2502.027972027972,2430.027972027972
2502.0699300699303,2425.06993006993
2502.111888111888,2420.111888111888
2502.153846153846,2415.153846153846
2502.195804195804,2410.195804195804
2502.237762237762,2405.237762237762
2502.27972027972,2400.27972027972
2502.3216783216785,2395.3216783216785
2502.3636363636365,2390.3636363636365
2502.4055944055945,2385.4055944055945
2502.4475524475524,2380.4475524475524
2502.4895104895104,2375.4895104895104
2502.5314685314684,2370.5314685314684
2502.573426573427,2365.5734265734263
2502.6153846153848,2360.6153846153848
2502.6573426573427,2355.6573426573427
2502.6993006993007,2350.6993006993007
2502.7412587412587,2345.7412587412587
2502.7832167832166,2340.7832167832166
2502.8251748251746,2335.825174825175
2502.867132867133,2330.8671328671326
2502.909090909091,2325.909090909091
2502.951048951049,2320.951048951049
2502.993006993007,2315.993006993007
2503.034965034965,2311.034965034965
2503.076923076923,2306.076923076923
2503.1188811188813,2301.1188811188813
2503.1608391608393,2296.1608391608393
2503.2027972027972,2291.2027972027972
2503.244755244755,2286.244755244755
2503.286713286713,2281.286713286713
2503.328671328671,2276.328671328671
2503.3706293706296,2271.370629370629
2503.4125874125875,2266.4125874125875
2503.4545454545455,2261.4545454545455
2503.4965034965035,2256.4965034965035
2503.5384615384614,2251.5384615384614
2503.5804195804194,2246.5804195804194
2503.622377622378,2241.622377622378
2503.664335664336,2236.6643356643353
2503.7062937062938,2231.7062937062938
2503.7482517482517,2226.7482517482517
2503.7902097902097,2221.7902097902097
2503.8321678321677,2216.8321678321677
2503.874125874126,2211.8741258741256
2503.916083916084,2206.916083916084
2503.958041958042,2201.958041958042
2504.0,2197.0
2499.561797752809,2196.4044943820227
2495.123595505618,2195.808988764045
2490.6853932584268,2195.2134831460676
2486.247191011236,2194.61797752809
2481.808988764045,2194.0224719101125
2477.370786516854,2193.4269662921347
2472.932584269663,2192.8314606741574
2468.494382022472,2192.2359550561796
2464.0561797752807,2191.6404494382023
2459.61797752809,2191.044943820225
2455.179775280899,2190.449438202247
2450.741573033708,2189.85393258427
2446.303370786517,2189.258426966292
2441.8651685393256,2188.6629213483147
2437.4269662921347,2188.067415730337
2432.9887640449438,2187.4719101123596
2428.550561797753,2186.876404494382
2424.112359550562,2186.2808988764045
2419.674157303371,2185.6853932584268
2415.2359550561796,2185.0898876404494
2410.7977528089887,2184.494382022472
2406.3595505617977,2183.8988764044943
2401.921348314607,2183.303370786517
2397.483146067416,2182.7078651685392
2393.044943820225,2182.112359550562
2388.6067415730336,2181.516853932584
2384.1685393258426,2180.921348314607
2379.7303370786517,2180.325842696629
2375.2921348314608,2179.7303370786517
2370.85393258427,2179.1348314606744
2366.4157303370785,2178.5393258426966
2361.9775280898875,2177.9438202247193
2357.5393258426966,2177.3483146067415
2353.1011235955057,2176.752808988764
2348.6629213483147,2176.1573033707864
2344.224719101124,2175.561797752809
2339.7865168539324,2174.9662921348313
2335.3483146067415,2174.370786516854
2330.9101123595506,2173.775280898876
2326.4719101123596,2173.179775280899
2322.0337078651687,2172.5842696629215
2317.5955056179773,2171.9887640449438
2313.1573033707864,2171.3932584269664
2308.7191011235955,2170.7977528089887
2304.2808988764045,2170.2022471910113
2299.8426966292136,2169.6067415730336
2295.4044943820227,2169.0112359550562
2290.9662921348313,2168.4157303370785
2286.5280898876404,2167.820224719101
2282.0898876404494,2167.224719101124
2277.6516853932585,2166.629213483146
2273.2134831460676,2166.0337078651687
2268.775280898876,2165.438202247191
2264.3370786516853,2164.8426966292136
2259.8988764044943,2164.247191011236
2255.4606741573034,2163.6516853932585
2251.0224719101125,2163.0561797752807
2246.5842696629215,2162.4606741573034
2242.14606741573,2161.8651685393256
2237.7078651685392,2161.2696629213483
2233.2696629213483,2160.674157303371
2228.8314606741574,2160.078651685393
2224.3932584269664,2159.483146067416
2219.955056179775,2158.887640449438
2215.516853932584,2158.2921348314608
2211.078651685393,2157.696629213483
2206.6404494382023,2157.1011235955057
2202.2022471910113,2156.505617977528
2197.7640449438204,2155.9101123595506
2193.325842696629,2155.3146067415732
2188.887640449438,2154.7191011235955
2184.449438202247,2154.123595505618
2180.0112359550562,2153.5280898876404
2175.5730337078653,2152.932584269663
2171.134831460674,2152.3370786516853
2166.696629213483,2151.741573033708
2162.258426966292,2151.14606741573
2157.820224719101,2150.550561797753
2153.38202247191,2149.955056179775
2148.9438202247193,2149.3595505617977
2144.5056179775283,2148.7640449438204
2140.067415730337,2148.1685393258426
2135.629213483146,2147.5730337078653
2131.191011235955,2146.9775280898875
2126.752808988764,2146.38202247191
2122.314606741573,2145.7865168539324
2117.876404494382,2145.191011235955
2113.438202247191,2144.5955056179773
2109.0,2144.0
2109.1809523809525,2139.1428571428573
2109.361904761905,2134.285714285714
2109.542857142857,2129.4285714285716
2109.7238095238095,2124.5714285714284
2109.904761904762,2119.714285714286
2110.0857142857144,2114.8571428571427
2110.266666666667,2110.0
2110.447619047619,2105.1428571428573
2110.6285714285714,2100.285714285714
2110.809523809524,2095.4285714285716
2110.9904761904763,2090.5714285714284
2111.1714285714284,2085.714285714286
2111.352380952381,2080.8571428571427
2111.5333333333333,2076.0
2111.714285714286,2071.1428571428573
2111.8952380952383,2066.285714285714
2112.0761904761903,2061.4285714285716
2112.2571428571428,2056.5714285714284
2112.4380952380952,2051.714285714286
2112.6190476190477,2046.857142857143
2112.8,2042.0
2112.980952380952,2037.142857142857
2113.1619047619047,2032.2857142857142
2113.342857142857,2027.4285714285716
2113.5238095238096,2022.5714285714287
2113.704761904762,2017.7142857142858
2113.885714285714,2012.857142857143
2114.0666666666666,2008.0
2114.247619047619,2003.142857142857
2114.4285714285716,1998.2857142857142
2114.609523809524,1993.4285714285716
2114.790476190476,1988.5714285714287
2114.9714285714285,1983.7142857142858
2115.152380952381,1978.857142857143
2115.3333333333335,1974.0
2115.5142857142855,1969.142857142857
2115.695238095238,1964.2857142857142
2115.8761904761905,1959.4285714285716
2116.057142857143,1954.5714285714287
2116.2380952380954,1949.7142857142858
2116.4190476190474,1944.857142857143
2116.6,1940.0
2116.7809523809524,1935.142857142857
2116.961904761905,1930.2857142857142
2117.1428571428573,1925.4285714285716
2117.3238095238094,1920.5714285714287
2117.504761904762,1915.7142857142858
2117.6857142857143,1910.857142857143
2117.866666666667,1906.0
2118.0476190476193,1901.142857142857
2118.2285714285713,1896.2857142857142
2118.4095238095238,1891.4285714285716
2118.5904761904762,1886.5714285714287
2118.7714285714287,1881.7142857142858
2118.9523809523807,1876.857142857143
2119.133333333333,1872.0
2119.3142857142857,1867.142857142857
2119.495238095238,1862.2857142857142
2119.6761904761906,1857.4285714285716
2119.8571428571427,1852.5714285714287
2120.038095238095,1847.7142857142858
2120.2190476190476,1842.857142857143
2120.4,1838.0
2120.5809523809526,1833.142857142857
2120.7619047619046,1828.2857142857142
2120.942857142857,1823.4285714285716
2121.1238095238095,1818.5714285714287
2121.304761904762,1813.7142857142858
2121.4857142857145,1808.857142857143
2121.6666666666665,1804.0
2121.847619047619,1799.142857142857
2122.0285714285715,1794.2857142857142
2122.209523809524,1789.4285714285716
2122.390476190476,1784.5714285714287
2122.5714285714284,1779.7142857142858
2122.752380952381,1774.857142857143
2122.9333333333334,1770.0
2123.114285714286,1765.142857142857
2123.295238095238,1760.2857142857142
2123.4761904761904,1755.4285714285716
2123.657142857143,1750.5714285714287
2123.8380952380953,1745.7142857142858
2124.019047619048,1740.857142857143
2124.2,1736.0
2124.3809523809523,1731.142857142857
2124.5619047619048,1726.2857142857142
2124.7428571428572,1721.4285714285716
2124.9238095238097,1716.5714285714287
2125.1047619047617,1711.7142857142858
2125.285714285714,1706.857142857143
2125.4666666666667,1702.0
2125.647619047619,1697.142857142857
2125.8285714285716,1692.2857142857142
2126.0095238095237,1687.4285714285716
2126.190476190476,1682.5714285714287
2126.3714285714286,1677.7142857142858
2126.552380952381,1672.857142857143
2126.733333333333,1668.0
2126.9142857142856,1663.142857142857
2127.095238095238,1658.2857142857142
2127.2761904761905,1653.4285714285716
2127.457142857143,1648.5714285714287
2127.638095238095,1643.7142857142858
2127.8190476190475,1638.857142857143
2128.0,1634.0
